2d_sphere_flow_N-25000-e-0.5-mu-0.5-angle-30.hdf5

grain_size
0.001
hstep
0.0001
porosity
0.15
num_grains
25000
tank_width
117.3
x_position_from_gate
500
time simulation
[1.  1.5 2.  2.5 3. ]

=============Profil_compacity_100steps_averaged =============

profil_compacity_100steps_averaged
[[0.774468603486637, 0.5767967645531872, 0.507645619223119, 0.7253309655180872, 0.8882057647380568, 0.6992452935102749, 0.8170871599818459, 0.7757766697001133, 0.755341911936348, 0.6128549487148306, 0.6284642678427533, 0.8022721567548734, 0.6761217943839851, 0.6029098964598997, 0.4294232340074345, 0.0], [0.6627587915140871, 0.7418357778029191, 0.6156589550713345, 0.6175821060711779, 0.6636091789947319, 0.6406964413599381, 0.6773765209871354, 0.6697366449090904, 0.7542310483171862, 0.6556818398222253, 0.8062377710311517, 0.7142954536605587, 0.6687086922756798, 0.6744260816007422, 0.41395037011160984, 0.05597725833879305], [0.5708651259971648], [0.6028931198192712, 0.5645351214676378, 0.5344010268766742, 0.763528757720881, 0.7842734284750357, 0.7548538100561384, 0.7470856878155951, 0.9026286964445601, 0.7069699409868535, 0.8157094013734938, 0.6708050726620701, 0.7064742908528829, 0.5585087511878757, 0.7875543031416263, 0.6789653957564086, 0.12958945561502458, 0.11637549726662032, 0.004293097479016722, 0.0], [0.6365983037691533, 0.8343416431969597, 0.7616848795316219, 0.7174577164395147, 0.7180812349171589, 0.7054728200670848, 0.8332596729570264, 0.7254938437320091, 0.7442216052669923, 0.6864888917681393, 0.8666204673365618, 0.8014197759297736, 0.6240080811272749, 0.5816352059885211, 0.5622415677843369, 0.28102801184394727, 0.0]]

profil_compacity_100steps_std_all
[[0.13446243868376676, 0.12489507097605627, 0.13411763771911975, 0.10262794894543649, 0.1601705738787586, 0.14506722659700114, 0.18767350080230716, 0.1717825318066783, 0.12029381813168796, 0.18682148374001162, 0.17195873608203938, 0.11688967525788553, 0.13665858920323146, 0.13756198294966956, 0.16788528120654664, 0.0], [0.11792633283509704, 0.09429862991987334, 0.14212046266760078, 0.1475590343061152, 0.13820094767324848, 0.10780143644928161, 0.11725021412815105, 0.1363622164473926, 0.12997945538666764, 0.12543291159539097, 0.21431673948718544, 0.15748249804414632, 0.11603820174877678, 0.14761745768138948, 0.16724243967366315, 0.08219798661764591], [0.13933878065555305], [0.07780405954200204, 0.18263575938972051, 0.15583140299917864, 0.16184347851524442, 0.1350458672393897, 0.14288602496668185, 0.11598240474480281, 0.1345436421223754, 0.13762005789615056, 0.16155828241461068, 0.10263103047057452, 0.1354300474106636, 0.18038241257732185, 0.13631917513221253, 0.1098866033658978, 0.22554761537483572, 0.15200716128036332, 0.03187060686643295, 0.0], [0.1655459806008044, 0.14099729595313187, 0.168481348050233, 0.11775112797589996, 0.14660459395182684, 0.13243478247297424, 0.14617423610586044, 0.16400156834385057, 0.13415814989657476, 0.14494504324229474, 0.18123877180372128, 0.1387417509625371, 0.15151912411213095, 0.13347063088256664, 0.13177322943756745, 0.20260808346130058, 0.0]]

h_compacity_averaged
[17, 17, 2, 20, 18]

====================== h_instantaneous ======================

profil_density_instantaneous
[[1.4691572695985888, 1.2307960210131157, 1.1160866911940917, 1.1740980831396637, 0.9083693505625026, 1.3722386099036992, 2.0309130206631396, 1.6969695609707844, 1.538874371926204, 1.369286905030645, 1.6819690640988696, 1.3910514806554493, 1.0209214435705676, 0.9954830129240227, 0.2384869941992007, 0.0], [1.2465708295105031, 1.003443041657965, 1.7632722808726604, 0.6756496345974692, 1.7195224738164834, 1.4260023653701253, 1.3844176425029768, 1.4933085890850204, 1.5371295359197377, 1.2606999004699957, 1.9931208389711066, 1.7060562710962992, 1.2260258508046196, 1.434024424122972, 0.7231672734098483, 0.0], [1.283448944320555, 1.2810977836890334, 1.5500473617961936, 1.2411303283448194, 1.3430311866283313, 1.6513582557071842, 1.4266199227522791, 1.2613343879000092, 1.6387436486574614, 1.383089474000933, 1.3044279525144595, 1.3484447782527063, 1.2131391092420705, 1.4401370857112719, 0.6260983694063598, 0.18667775210735196, 0.3508779404376519, 0.0], [0.797969875694626, 1.6120789331611038, 0.910935510526694, 2.0358264929654695, 1.0879329644747604, 1.6035356877585054, 1.3428695640703057, 1.4993921659229223, 1.4102050932264572, 1.6595271753563299, 1.2914155021031573, 1.2170939098904432, 1.6094209370600088, 1.269977512614183, 1.178401436204437, 1.2170015309033753, 0.6084404737607414, 0.28906856358712596, 0.0], [1.5945416405628716, 1.2561284950186706, 2.102693569537819, 1.6007152292950213, 1.323201036788694, 1.6924232372302306, 1.5237065637337162, 1.5382763143653388, 1.5880681474864178, 1.3035111859007606, 2.239186999717887, 1.5278511687512206, 1.2916877115472356, 0.9382338851764458, 1.2346443795421604, 1.0885865298493458, 0.0]]

h_instantaneous
[17, 17, 19, 20, 18]

========================== h_time-averaged ==================

h_time_averaged
[16.97029702970297, 17.217821782178216, 16.147058823529413, 17.485148514851485, 17.84158415841584]

h_time_average_std
[0.16976661583645788, 0.5190234622606399, 1.5428332660193294, 0.8514851485148516, 0.365130473556154]