2d_sphere_flow_N-25000-e-0.5-mu-0.5-angle-30.hdf5

grain_size
0.001
hstep
0.0001
porosity
0.15
num_grains
25000
tank_width
117.3
x_position_from_gate
900
time simulation
[1.  1.5 2.  2.5 3. ]

=============Profil_compacity_100steps_averaged =============

profil_compacity_100steps_averaged
[[0.32389096335482964, 0.5495490491961228, 0.44228467365323165, 0.607922680651659, 0.6477766704262772, 0.6859274037030979, 0.4664464675125059, 0.3530524583275433, 0.23728115862087534, 0.004008971454080091], [0.43237828502006836, 0.5000459100604212, 0.5721419899555098, 0.5417323966887981, 0.7182586685800935, 0.7084154782208895, 0.590060701702866, 0.5836063677015224, 0.6017570663747609, 0.6201687016414514, 0.5599802591537781, 0.42222858136139096, 0.020290372865301328], [0.35338232873211795], [0.41069609632809917, 0.37658580224308497, 0.3576577394962875, 0.546479980747149, 0.5488906099353112, 0.6692389075441354, 0.6865694266841094, 0.5817369780984032, 0.5883842241688185, 0.7265356042082431, 0.4683646519500348, 0.5568715703471282, 0.43123788524452433], [0.32254303158032976, 0.3740160888847978, 0.3806291940880866, 0.49336243245430805, 0.47084716414726013, 0.5641688534285112, 0.596528559705376, 0.6364155217478571, 0.6111666523149146, 0.6791659120813412, 0.5532371399723673, 0.5046118812901689, 0.47379918024448053, 0.19475022053523305]]

profil_compacity_100steps_std_all
[[0.12789093806891452, 0.12795821346309055, 0.13705040141002836, 0.16178577858943316, 0.14799740321535573, 0.09330506504370774, 0.15595914731456698, 0.14085256733018842, 0.11196953429798158, 0.028205614333349276], [0.1344655669275553, 0.17777733566017978, 0.12081907467260052, 0.23146480531851402, 0.15519761410933613, 0.12695930401119207, 0.12686434299687868, 0.13120419495945157, 0.09768473250355086, 0.0998295798793225, 0.11342243983659059, 0.2038724271563952, 0.05058079329020284], [0.15084681603482883], [0.12079418121513415, 0.1733181166570659, 0.16711037358949046, 0.14773322064421532, 0.17692418688148767, 0.14628855638438643, 0.10484251329037438, 0.11905633147058643, 0.14310830672989888, 0.09643643833551076, 0.2151834597859644, 0.3722130372731929, 0.3002768987334303], [0.10478100875825576, 0.09719654866146406, 0.09405213607444127, 0.11289758966210744, 0.11430225692847976, 0.13974789743787794, 0.14660084195543382, 0.13747621580328975, 0.13300846344359535, 0.12661666519131698, 0.12950045239023342, 0.1499049077071844, 0.1619442520115882, 0.14397624569795012]]

h_compacity_averaged
[11, 14, 2, 14, 15]

====================== h_instantaneous ======================

profil_density_instantaneous
[[0.5339029847330068, 0.6209876281285212, 0.3613895605041469, 0.717643141528105, 0.4440248649276702, 0.5088974886194573, 0.8058310629569202, 0.5492272945005626, 0.3653843930020258, 0.0], [0.536211705413005, 0.36143520999404144, 0.7666376248189568, 0.8981444155886927, 0.6737675555048055, 0.6691142160129947, 0.5221434599218382, 0.7152107426799496, 0.7303608270616865, 0.45644438039518764, 0.5777506978559974, 0.5605934648254741, 0.0], [0.15295961432492503, 0.6241767946087261, 0.8178955111188848, 0.4588793406012874, 0.5597183660104352, 0.43324012362132824, 0.5592885273385027, 0.7311785819458558, 0.6628261335643129, 0.5147568540833948, 0.6740600795143323, 0.48136601999129175, 0.30116010955599326, 0.0], [0.4774983780618631, 0.5224726809755891, 0.35102815005133453, 0.8149250161240014, 0.7691448444619715, 0.72783855429509, 0.7586759785033836, 0.6418963380726084, 0.8492488065577857, 0.7610265957431225, 0.4216425297522963, 1.0554508331915955, 0.12683825571350693], [0.49055410304106434, 0.30381288105657955, 0.297406192278003, 0.5909849057048473, 0.4253260745356369, 0.7034007798493379, 0.8393446925080149, 0.7156974406462543, 0.85782187208078, 0.6834561280338055, 0.5404456114036058, 0.6330394111323574, 0.28038731213504725, 0.0]]

h_instantaneous
[11, 14, 15, 14, 15]

========================== h_time-averaged ==================

h_time_averaged
[9.970297029702971, 12.138613861386139, 13.490196078431373, 12.267326732673267, 14.643564356435643]

h_time_average_std
[2.4023727773345884, 3.728482033836229, 4.924419141698022, 4.413954220825448, 4.208864192441081]