2d_sphere_flow_N-25000-e-0.5-mu-0.5-angle-30.hdf5

grain_size
0.001
hstep
0.0001
porosity
0.15
num_grains
25000
tank_width
117.3
x_position_from_gate
300
time simulation
[1.  1.5 2.  2.5 3. ]

=============Profil_compacity_100steps_averaged =============

profil_compacity_100steps_averaged
[[0.616592502502259, 0.7077691568742163, 0.7019068808777703, 0.8696961768564833, 0.7178926321084275, 0.6691837200487163, 0.7407327639881517, 0.8439299568767594, 0.7495109203403391, 0.8440499865553452, 0.7792559134175088, 0.7337765076809344, 0.6718927952199644, 0.837020695652377, 0.7600413538713828, 0.5739730013548677, 0.16049861645695912, 0.0], [0.8058127031103061, 0.7945866973900844, 0.7602597599818253, 0.7621931180246495, 0.7702457240849365, 0.6757119337941165, 0.845931588004822, 0.8215346384249, 0.783879279566888, 0.6934800883961415, 0.7471699208809295, 0.7285075645401156, 0.7978924159567606, 0.789040943351679, 0.8200508156792682, 0.5925815132286296, 0.25182460871507395, 0.0], [0.649794419292736], [0.5649757333174772, 0.6077295957100506, 0.6845283786330595, 0.7088063588552782, 0.7208134704916858, 0.7391072775384041, 0.6848093924682602, 0.741230306751464, 0.6105368456120921, 0.6490288241532752, 0.7966470288413844, 0.7875474303015014, 0.8084041671579538, 0.8689294956436353, 0.6842972797097853, 0.6588691118578078, 0.2170926407479496, 0.029410677626099], [0.5851122474463727, 0.7507292474783036, 0.6968474329882993, 0.8153281984395389, 0.8245344385122778, 0.9017276641347216, 0.5666159529710539, 0.7224467292079468, 0.7437122544565776, 0.8777180526155182, 0.7245228522555187, 0.7526008347466507, 0.7551049016250917, 0.7104324354156262, 0.7486505718022551, 0.4118063725543753, 0.04493695092661895, 0.0]]

profil_compacity_100steps_std_all
[[0.08629844744442099, 0.11925709547583652, 0.13254022186849357, 0.12729792583699084, 0.13250860302573622, 0.10283745206362668, 0.12255906163670556, 0.1090286949461863, 0.12280811556497846, 0.15865211865744472, 0.17508335852023235, 0.11450211174543405, 0.10737429055560896, 0.14110156056119516, 0.19460828353457796, 0.1572233247276431, 0.14926237802381317, 0.0], [0.12319126171114651, 0.10124531365260869, 0.11774733531593838, 0.1147670768856799, 0.12775079980687845, 0.18273807736372874, 0.18368835337704087, 0.16953328829787903, 0.14221006822344878, 0.15055528667846704, 0.10751847808016575, 0.13895334450227526, 0.18303641857258843, 0.16721182830709158, 0.11626670465001306, 0.1655569550027259, 0.17355552596704021, 0.0], [0.14484553173367842], [0.1050427559945184, 0.11479688771352477, 0.14435409402402, 0.13885410255523462, 0.1263532088969457, 0.14155769219141962, 0.10469502360169823, 0.11649103669162289, 0.19734379028554322, 0.11838003976949688, 0.1322227098701401, 0.11731326440972259, 0.1927404199518568, 0.15555078156925797, 0.14420068936014893, 0.12588312997757686, 0.2105567360373123, 0.06315501235909088], [0.1344883381806335, 0.12358568004508957, 0.1490730349125108, 0.11560633972360958, 0.136205503782111, 0.15822131435386272, 0.14180804298426747, 0.1498798169894232, 0.16589454371305357, 0.1440980134406034, 0.12177365383940855, 0.13018211772535063, 0.12525647140433305, 0.14277915599248628, 0.16694819881602022, 0.12161217589042783, 0.07415208116087556, 0.0]]

h_compacity_averaged
[19, 19, 2, 19, 19]

====================== h_instantaneous ======================

profil_density_instantaneous
[[1.015271871375886, 1.56960830419724, 1.5427983137153647, 1.4404291649173222, 1.6399141805926212, 1.2586673228325418, 1.5061900277792082, 1.317991409265532, 1.5676810731843145, 1.8018272540628826, 1.9316319280640075, 1.5136493688971575, 1.198554725100846, 1.6273773552571096, 1.41452683927824, 0.6002577972174817, 0.3027165715594966, 0.0], [1.551722802729835, 1.3568601356203196, 1.2469006889668872, 1.2732072924750208, 1.2224900611808553, 1.4954641190714422, 1.5908839801237236, 1.373733725249521, 1.6804971414245662, 1.9331128471356684, 1.3566032413945546, 1.5253733486723546, 1.5425904343523478, 2.1696211697791883, 1.2699981773674902, 0.6718411990803718, 0.6856787416755542, 0.0], [1.524059438747589, 1.3767980934307238, 1.4340945160992997, 1.0619805452498579, 1.3443290751429582, 1.8459057898295776, 1.5959653850732995, 1.468454971045844, 1.1725197905206148, 1.3741047166676226, 0.920453130890407, 1.6695558006363858, 1.4982669353752702, 1.0046356764510802, 1.4262495961961827, 0.689581578097635, 0.0], [1.1611007438642307, 1.3004521708774703, 1.4469582550260323, 1.3232230285460924, 1.209574731400218, 1.0764321904088485, 1.0856499645054025, 1.504396424692558, 1.7297236324173453, 1.1647464538339285, 1.331467463638361, 1.4514752440717305, 2.1340110091102686, 1.337569762577732, 1.4310224981664934, 0.9824844506616648, 0.4036256430589288, 0.0], [1.02961176166675, 1.3931400320997553, 1.6138109793692061, 1.388415103702995, 1.3793706384603208, 1.7186254825594012, 1.2394661983377622, 1.875230094547661, 1.734388189273753, 1.8024709524850695, 1.2397639793606816, 1.5757016724078716, 1.5013500788869876, 1.5188924541815865, 1.576752157667086, 0.8601369303753051, 0.31300910645438024, 0.0]]

h_instantaneous
[19, 19, 18, 19, 19]

========================== h_time-averaged ==================

h_time_averaged
[18.504950495049506, 18.663366336633665, 18.19607843137255, 18.821782178217823, 18.277227722772277]

h_time_average_std
[0.49997549199812263, 0.51275276737521, 1.6805648891934213, 0.7091486962166331, 0.44762988338444815]