2d_sphere_flow_N-25000-e-0.5-mu-0.5-angle-30.hdf5

grain_size
0.001
hstep
0.0001
porosity
0.15
num_grains
25000
tank_width
117.3
x_position_from_gate
700
time simulation
[1.  1.5 2.  2.5 3. ]

=============Profil_compacity_100steps_averaged =============

profil_compacity_100steps_averaged
[[0.524665437781376, 0.7784137970064191, 0.717953175690308, 0.6231200274541735, 0.6250532473812528, 0.7825567795911926, 0.6944589739328608, 0.6849582353149831, 0.7981946548063301, 0.8160285968531699, 0.5272958744611222, 0.3428042418352102, 0.15690130111752798, 0.0], [0.5791822167074538, 0.586246457672374, 0.5841327342431561, 0.7486365757773763, 0.7725607530140177, 0.6873389298130094, 0.661218267398177, 0.6717776964474812, 0.8446336976542385, 0.7772687604253029, 0.6800130975428829, 0.6342837684963247, 0.4439578438841396, 0.10250129137133222], [0.45522452401801944], [0.5308795658342546, 0.6655755065376898, 0.690754037888411, 0.6238982925539798, 0.633884167305542, 0.6987854017972661, 0.6261120652724168, 0.7641245699506423, 0.7112745005551668, 0.7655625125164458, 0.6964272679594483, 0.775493139225173, 0.6892773898281426, 0.4918380660247006, 0.1504984489431988, 0.0], [0.7755173881022289, 0.7543922894780478, 0.6462624404714689, 0.6721943342516704, 0.660625400048026, 0.6119797782893047, 0.7893589911857355, 0.8383868633953715, 0.6301798782922643, 0.7291949937304798, 0.7176354227144883, 0.482986481289561, 0.36384319906238904, 0.18403084380635523, 0.0]]

profil_compacity_100steps_std_all
[[0.17913980595829587, 0.21679846766050717, 0.1497109256475753, 0.1627074243974304, 0.09917437450721493, 0.1493306663034165, 0.1578888310505048, 0.14158637758244902, 0.14707289740600618, 0.14328630871013062, 0.20395400385071866, 0.14086039419337212, 0.12269362378813796, 0.0], [0.08598329818456012, 0.11464404137632948, 0.1284130029207924, 0.11404023871916398, 0.16638387776321675, 0.1382135665498609, 0.13835224821812642, 0.12656923185591118, 0.1951435362518305, 0.10984137094367379, 0.18528667352734474, 0.16336706822201935, 0.22035332829953955, 0.13976852019201247], [0.16038838049644], [0.11293278808028748, 0.13194858549890429, 0.1867757606526195, 0.1325811388859553, 0.2039222921923576, 0.145786937829501, 0.10207555371557395, 0.11291546044173481, 0.1635932670684858, 0.13619286876479308, 0.11589900106886465, 0.14079814813649047, 0.1389299135065334, 0.21555400443235537, 0.13461604719079237, 0.0], [0.1272506016347026, 0.15471469889308095, 0.12238173998325176, 0.10574576360952374, 0.1453023800046148, 0.2190591067122906, 0.17760523833248634, 0.1419249537108271, 0.1837822565299786, 0.14044720179475223, 0.10882601979302609, 0.20618352719692343, 0.334546483636349, 0.10841468198462327, 0.0]]

h_compacity_averaged
[15, 15, 2, 17, 16]

====================== h_instantaneous ======================

profil_density_instantaneous
[[0.9797470340538065, 1.9614340105134354, 1.0493739984065236, 1.2813430677322974, 1.2989043402277425, 1.806818676389891, 1.44873094628912, 1.358433583032484, 1.4289570794314488, 1.5819277871011883, 1.2822987059513449, 0.27448687323472615, 0.3487101831166158, 0.0], [0.8879057654479168, 1.3410066670563385, 1.107536771161812, 1.2809670678565717, 2.078649105008826, 1.52328595681032, 0.8825633441279913, 1.2124057814795948, 2.1731830300531167, 1.1659141885858648, 1.7680012194542216, 0.928292081846768, 0.4039181179331629, 0.0], [1.252561121138735, 1.249063110704508, 0.9946651552180008, 1.4076600216863326, 1.822577945225522, 2.1319533492186467, 1.068822776080308, 1.2290162321692977, 1.3033871699092852, 1.513596719228157, 1.4011463543447713, 1.6710076499771236, 1.0972928846657115, 1.0914659593167326, 0.33069501889364433, 0.0], [0.8780654855416196, 1.2740641589717094, 1.3331466817479276, 1.107261805975071, 1.622236086319798, 1.7248181869380836, 1.1856326671457589, 1.309708868406753, 1.718330471388553, 1.566932952250855, 1.3773616780942635, 1.6263960837690663, 1.5362442854976432, 1.0472894751362685, 0.8529072179318445, 0.0], [1.4395986012722377, 1.7798015522335688, 1.1552829263278628, 1.3417359567117375, 1.5617057067142643, 1.2373369240418959, 1.243932098992133, 1.3262667807178148, 1.566015829791456, 1.1914497225153282, 1.1720679321579408, 1.4947595898729331, 1.216231241133961, 0.634741014197772, 0.0]]

h_instantaneous
[15, 15, 17, 17, 16]

========================== h_time-averaged ==================

h_time_averaged
[13.762376237623762, 15.237623762376238, 14.803921568627452, 16.287128712871286, 15.029702970297029]

h_time_average_std
[1.8676427396586603, 0.5654843687641042, 4.063320422584664, 0.5510859425772573, 0.969387328657371]