2d_sphere_flow_N-25000-e-0.5-mu-0.5-angle-30.hdf5

num_grains
25000
tank_width
117.3
x_position_from_gate
700.0
time simulation
[1.0, 1.5, 2.0, 2.5, 3.0]

h_time_averaged
[13.762376237623762, 15.237623762376238, 14.803921568627452, 16.287128712871286, 15.029702970297029]
h_instantaneous
[15.0, 15.0, 17.0, 17.0, 16.0]

 h1_time_averaged_ratio
[0, 1, 2, 3, 4, 5, 6, 7, 8, 9, 10, 11, 12, 13, 14, 15, 16]
h1_ratio
[0, 1, 2, 3, 4, 5, 6, 7, 8, 9, 10, 11, 12, 13, 14, 15, 16, 17]

=====  Profil_vitesse_Vx time-averaged ========

Vx_profil_100steps_averaged
[[0.6436190420251475, 0.9275858230520002, 1.0519987121484349, 1.130054294699096, 1.2510685651019067, 1.3386835276752678, 1.4440627498201803, 1.4565769119034502, 1.5078691107998587, 1.5608759590248522, 1.604541882039353, 1.6537567470333363, 1.6434467932572063, 1.2580503290242488, 0.0, 0.0, 0.0], [0.54192419596041, 0.84837378315603, 0.965155821822264, 1.0640878878115823, 1.1604458268129392, 1.252111281285464, 1.3255057006224906, 1.3931774023735877, 1.4309694943254934, 1.498915154886999, 1.5417321233297507, 1.5891319504629697, 1.6212889308133591, 1.5386535726167974, 0.6312727857344221, 0.0, 0.0], [0.5551755289041918, 0.7471557356222391, 0.9488607842548222, 1.0487106040022731, 1.1073787031415239, 1.2086702158137195, 1.2887632892495777, 1.36905314632101, 1.407001239281186, 1.4555286290988425, 1.5042122226395123, 1.5519734815444823, 1.5976035873614622, 1.610645079184202, 1.4676328641332053, 0.7776355667441499, 0.0], [0.46057489798358164, 0.7824559143372495, 0.9013546258309493, 1.0384113048586328, 1.0859722808403882, 1.150213321679496, 1.1972423121283944, 1.3082023672341514, 1.3586000748986853, 1.4182395178492704, 1.445217269186926, 1.4791041240899343, 1.5119320175828712, 1.5682159933123256, 1.5339999820926402, 1.2389999779537566, 0.0], [0.5552882966969666, 0.8986185988970715, 0.9570162209347137, 1.0618821068495188, 1.0989427974875874, 1.1564414740100553, 1.2358626604276914, 1.3289538233277935, 1.3702625746577488, 1.4276188711718758, 1.465703094162957, 1.5180930281432943, 1.5531508389282542, 0.9870456544282806, 1.415336018741721, 0.0, 0.0]]

Vx_profil_100steps_averaged_std
[[0.10324672340064689, 0.1020392361020645, 0.1083651735485113, 0.13084761122878358, 0.14343841427374385, 0.14039189951413084, 0.13986896696681336, 0.14005283315988448, 0.14711137500735794, 0.15542260055344978, 0.15480636826017802, 0.16153816776637628, 0.3392954911099859, 0.8187171381714327, 0.0, 0.0, 0.0], [0.1053838086974312, 0.13129968134299563, 0.11464598421895993, 0.11108104920374978, 0.11198094397591021, 0.1178989097784912, 0.13076461491962416, 0.14094735214077744, 0.1436333433810393, 0.14311139813234772, 0.14724085974968323, 0.14940971845476475, 0.15912093106835065, 0.4498512720654943, 0.7959517195105913, 0.0, 0.0], [0.09056226239922004, 0.14325987866053075, 0.1496530109727943, 0.15017209775205856, 0.15502569279266767, 0.16686966589109092, 0.18127503874196643, 0.1843703981950077, 0.19150812179633137, 0.20351927560061828, 0.21064896566161023, 0.21693396642553747, 0.22232043373346835, 0.2264510289677249, 0.5380418627179272, 0.8595091899602474, 0.0], [0.0845787282463957, 0.09860021744576924, 0.10038947538233686, 0.10611093027023198, 0.1136487489890852, 0.1326296119082931, 0.13505429759600462, 0.12058940449150553, 0.1318749024590383, 0.1327141282463305, 0.1399847526595815, 0.14569596256507691, 0.15251680377217253, 0.15841406975017494, 0.3842613299684533, 0.7295142085879729, 0.0], [0.08661209815568535, 0.09238954031788715, 0.07875560217244731, 0.10613665300405906, 0.11040694696107, 0.12095879889139283, 0.1227681512024246, 0.134803336125705, 0.14563333651649749, 0.1541936131293206, 0.1458974360830109, 0.15065179031731393, 0.26814150253856406, 0.8143047528272452, 0.6601009909808394, 0.0, 0.0]]

flow_rate time averaged
[0.01495419028664533, 0.016494948141287366, 0.01710810900964104, 0.01866192235885758, 0.015940517167942852]

integration of Vx/h_time_averaged
[78.95434766009473, 71.04220988088026, 78.06357885018436, 70.35052151502893, 70.56699302276287]

=======  Profil_vitesse_Vx instantaneous =======
[[1.5145186185836792, 1.6636310418446858, 2.0340550541877747, 2.365043520927429, 2.6255089044570923, 2.676432040002611, 2.8120989322662355, 2.824290484189987, 2.9662792086601257, 3.1009488105773926, 3.1361980676651, 3.261001706123352, 3.483477234840393, 3.55443799495697, 0, 0, 0, 0], [1.3107889294624329, 1.7829622626304626, 1.9669781625270844, 2.0821398297945657, 2.2386483252048492, 2.4172762357271633, 2.5966318412260576, 2.7953259150187173, 2.847368359565735, 2.914182220186506, 3.006677303995405, 3.071037097410722, 3.2086036716188704, 3.2543364763259888, 0, 0, 0, 0], [0.8185736685991287, 1.0962876006960869, 1.8118108659982681, 2.0132502615451813, 2.148888200521469, 2.3585251768430076, 2.426841071673802, 2.497635453939438, 2.720336982182094, 2.875007212162018, 2.9933866527345447, 3.0914683043956757, 3.171084377500746, 3.222943743069967, 3.3364162047704062, 3.440542459487915, 0, 0], [0.7446460574865341, 1.395626167456309, 1.7050824016332626, 2.0206813282436795, 2.182751842907497, 2.31252064704895, 2.4317314624786377, 2.4895100593566895, 2.6624090671539307, 2.736814522743225, 2.8414658069610597, 2.9315278397666082, 3.0330955028533935, 3.141027545928955, 3.1894169648488364, 3.277728239695231, 0, 0], [1.1977058500051498, 1.6987368613481522, 1.64075665473938, 2.066278502345085, 2.1702397531933255, 2.3277822494506837, 2.3739116489887238, 2.5889046788215637, 2.8014646768569946, 2.951911211013794, 2.9191015660762787, 2.9907476902008057, 3.0912335872650147, 3.1830559372901917, 3.3414708375930786, 0, 0, 0]]

flow_rate_instantaneous
[0.031681601349402365, 0.029577463858912138, 0.0377994983341131, 0.03692403348675376, 0.03319404596016731]

integration of Vx/h_instantaeous
[140.80711710845495, 131.4553949284984, 130.79411188274426, 127.7648217534732, 129.66424203190354]

=====  Profil_vitesse_Vy time-averaged ========

Vy_profil_100steps_averaged
[[0.019154557680853147, 0.006909370026659245, -0.010458147122204635, -0.018562588636960208, 0.013671647004511135, 0.02728818985565836, 0.03401852649993617, 0.03240122814540912, 0.026287457028704712, 0.02352638746374072, 0.023964521428367417, 0.028154759565933562, 0.03657577587103816, -0.02480791890807853, 0.0, 0.0, 0.0], [-0.008385511059867271, 0.02779470012701315, 0.016301546376924686, 0.029282578039909468, 0.016690466497728346, 0.009077372323257876, 0.01916660576433588, 0.004492061505004699, 4.406370114445104e-06, -0.008862819001235651, -0.014575350813207925, -0.02769086409810987, -0.031367234346375276, -0.027495707998348273, -0.009426130055643545, 0.0, 0.0], [-0.005374045699973305, -0.005652743491297169, -0.012891657591958719, -0.029827676927213352, -0.012030368966919376, -0.009946636591701674, -0.03284156735808804, -0.029021115291268662, -0.04968533324950149, -0.043794623722784136, -0.0451978911115263, -0.05254572216152249, -0.05240934689796564, -0.04811935874616751, -0.04035278625430211, 0.008569221906595082, 0.0], [0.00996047592081787, 0.02207560557449427, 0.03550541984988963, 0.015127539422861247, -0.0052418280396253885, 0.011728943653650414, 0.017755191252863577, 0.01224640490231395, 0.011859177542184395, 0.020871461212186283, 0.018416741849080792, 0.016348891816637155, 0.022732322632226392, 0.02655353059459536, 0.022874353594048602, 0.017162372898821422, 0.0], [0.00010362277896659983, -0.019655786511987152, -0.01831295629649308, -0.01642036309981966, -0.013873806470036304, -0.033744993016539965, -0.033234381934941215, -0.044362348758381506, -0.02813775979345814, -0.016826494388907022, -0.016379220990278786, -0.022684434154645033, -0.03080666738108151, -0.0474048288272411, -0.06799938854468078, 0.0, 0.0]]

Vy_profil_100steps_averaged_std
[[0.07621409953928589, 0.08471151369683666, 0.04905024698649559, 0.058926435204242074, 0.04665404921659653, 0.0422787427674039, 0.022960766394075245, 0.028335114781875677, 0.03177437740740152, 0.02898084680519239, 0.023195855615351573, 0.036970329347888395, 0.029314206022844663, 0.040364760775816876, 0.0, 0.0, 0.0], [0.09614987741663758, 0.061035098569980815, 0.040269048317473216, 0.05058526481477285, 0.031699976640574355, 0.03844450779695668, 0.04345130491918278, 0.038302226481812876, 0.03270176208463066, 0.02242285872256265, 0.021724799495358743, 0.01465906152451616, 0.013035251676368115, 0.024299058364029572, 0.013515083334423129, 0.0, 0.0], [0.05835058897586599, 0.07060344623158031, 0.03957203611092647, 0.0296854615878839, 0.01732749551082593, 0.02097754051647705, 0.027899854925454253, 0.02961418145607617, 0.01572714129392715, 0.018778545569744478, 0.014468547685562765, 0.02355174465899302, 0.02392086159245988, 0.016517542985175358, 0.01904544760946592, 0.01804487226728545, 0.0], [0.09318935131261451, 0.08284659105564691, 0.04170561082055613, 0.0363303759896232, 0.0255703687969318, 0.02602920713105157, 0.028611485191454802, 0.027669744764240434, 0.029398688118115142, 0.029752182568974314, 0.021798674409212977, 0.01785898184636686, 0.01935958965950964, 0.021281570679254142, 0.014694443032713566, 0.04216650597846568, 0.0], [0.10363189655116965, 0.06246405677307945, 0.04653555725104543, 0.027381895018863393, 0.034484833991420535, 0.038948517689687136, 0.03924178633743939, 0.03883628564179859, 0.04058676625440105, 0.039887597067130805, 0.018097885150161, 0.021835171828271334, 0.04844387058293704, 0.04702081424520272, 0.03795252471855297, 0.0, 0.0]]

=======  Profil_vitesse_Vy instantaneous =======
[[-0.02779922424815595, -0.05526430532336235, -0.04128829793383678, -0.030120696872472763, 0.011766313575208187, -0.062134386195490755, -0.019356001121923327, -0.02514873375184834, -0.03785407144459896, -0.050763856852427125, 0.007970291236415506, 0.05875109031330794, 0.04748949408531189, -0.13860467821359634, 0, 0, 0, 0], [-0.23601888865232468, -0.0738676196585099, 0.17454739473760128, 0.13075876080741486, -0.015847072936594486, 0.07879377525443068, 0.0754778916016221, 0.08711894725759824, -0.009551988707648383, -0.017541538923978806, -0.00789830940110343, -0.03247014403512532, -0.04288865752252085, 0.00287631677929312, 0, 0, 0, 0], [0.027879806235432625, 0.015336002805270255, -0.1308225393295288, 0.007933012675493956, -0.012802102835848927, 0.011790817758689323, 0.020812269632837603, 0.030499694868922234, -0.08261786081961223, -0.04392074723728001, -0.06681969782544507, -0.019660295132780448, -0.0110243395384815, -0.01256556622684002, -0.07043794107933839, 0.01670024450868368, 0, 0], [0.11332616209983826, -0.06033530458807945, 0.08557748701423407, 0.07280006533902553, 0.010983186707432781, -0.03873106129467487, -0.12393942540511489, -0.07998038343794178, -0.07294071838259697, -0.03421133421361446, -0.0199631966650486, -0.041217265443669424, -0.014539728919044138, 0.006251810491085053, 0.007277141014734904, -0.043935768927137055, 0, 0], [-0.06143240071833134, -0.0022894106805324554, -0.017767246160656214, -0.05784031841903925, 0.020228357364734013, 0.04332589935511351, 0.004304711706936359, -0.15798436710610986, -0.17309406399726868, -0.14137113094329834, -0.05693203516420908, -0.080040289621268, -0.07346754968166351, -0.08568267896771431, -0.13068138249218464, 0, 0, 0]]