2d_sphere_flow_N-25000-e-0.5-mu-0.5-angle-30.hdf5

num_grains
25000
tank_width
117.3
x_position_from_gate
500.0
time simulation
[1.0, 1.5, 2.0, 2.5, 3.0]

h_time_averaged
[16.97029702970297, 17.217821782178216, 16.147058823529413, 17.485148514851485, 17.84158415841584]
h_instantaneous
[17.0, 17.0, 19.0, 20.0, 18.0]

 h1_time_averaged_ratio
[0, 1, 2, 3, 4, 5, 6, 7, 8, 9, 10, 11, 12, 13, 14, 15, 16, 17]
h1_ratio
[0, 1, 2, 3, 4, 5, 6, 7, 8, 9, 10, 11, 12, 13, 14, 15, 16, 17, 18, 19, 20]

=====  Profil_vitesse_Vx time-averaged ========

Vx_profil_100steps_averaged
[[0.47488342483248247, 0.7169761604864081, 0.8718591259651057, 0.9479618989890162, 1.0435948699445783, 1.124583295836363, 1.1947278044109688, 1.238238788123178, 1.2881170259057098, 1.3680984916466694, 1.4139712276238419, 1.4403541546056766, 1.4827315688723388, 1.5162943830219209, 1.5564439468145486, 1.5819157507553354, 0.0, 0.0], [0.4413150531771553, 0.6385279193791029, 0.7715596260410723, 0.9197460274590123, 1.036661192371507, 1.1335297335885932, 1.221349966624389, 1.2743401525503206, 1.2957214589756314, 1.329933704716144, 1.3656334806786905, 1.3997660541017343, 1.4496752725182587, 1.5016512486800897, 1.5252566309848636, 1.4954543625167496, 0.4954193252148015, 0.0], [0.4493080995736486, 0.6833239965335605, 0.8293505391556453, 0.8706534723732985, 0.9464271010818823, 1.0593934435470431, 1.1618919581759208, 1.2218195692358673, 1.2905231273446987, 1.3446524887901394, 1.3739741974796347, 1.4124661371153613, 1.4279996499321819, 1.4705105145967086, 1.5076623716775108, 0.3943604698368147, 0.5706370133979648, 0.19867178038054822], [0.435335090491905, 0.6922290557878641, 0.7533018464105748, 0.89143773585853, 0.9753683566456974, 1.0537406176398914, 1.1176355876839987, 1.1681018920621462, 1.2228502638138035, 1.2515774091871656, 1.2939692759277797, 1.3591888782936097, 1.431952839145566, 1.4613952884579646, 1.48583343760802, 1.5089389940496325, 0.5884344032467227, 0.6610602673524283], [0.39446871159444546, 0.7427061030868651, 0.8054107406646899, 0.9392656609283605, 1.0450676461552628, 1.1170530201578297, 1.1674381099911806, 1.2176428360148794, 1.2850157039787116, 1.3412213202356897, 1.376918932746346, 1.4093829711172354, 1.4549760614740912, 1.4867677449983339, 1.5063930794350775, 1.5505830013712645, 1.3142367005348206, 0.0]]

Vx_profil_100steps_averaged_std
[[0.10868294872648743, 0.0872642184493245, 0.11024276115140857, 0.10932157967818057, 0.10413637703546279, 0.09774457206183401, 0.13098637543671954, 0.11841720122968602, 0.11919036431433806, 0.12517864685596067, 0.15058251405525075, 0.1530104164180744, 0.14682063936053694, 0.14706575441040998, 0.15733238696229881, 0.1560858496070107, 0.0, 0.0], [0.08346486974115222, 0.06519765429910497, 0.08373554716579988, 0.11689486540658814, 0.11157573949948181, 0.1268530006684905, 0.12478417285128644, 0.1234080125389463, 0.13491487200870814, 0.13816816922854383, 0.12851915193855196, 0.13381605801619595, 0.1343395256339897, 0.1509688066005184, 0.15376468307079436, 0.3412454578094037, 0.7274868809772377, 0.0], [0.1311172321411258, 0.13907871750611261, 0.11783450320278407, 0.12705121874766812, 0.14418317485433346, 0.14115332183979198, 0.15912268415663708, 0.1718363467258899, 0.1817648616985723, 0.18817344659157037, 0.18948712256930872, 0.19241138858690465, 0.19747210867945736, 0.21203505231556857, 0.21135052681624053, 0.7080937894219039, 0.7888085056772262, 0.5933868464874058], [0.07323194994393414, 0.11515257816768035, 0.10008124641862985, 0.08632359308645329, 0.10168077527040717, 0.10053250145875443, 0.11300444234320561, 0.12268716480253045, 0.11050377224483104, 0.12790412893780906, 0.1371597754256213, 0.1405490280857059, 0.1462013432278141, 0.14196909357614113, 0.1499243697043814, 0.15731160563936575, 0.8064431252293334, 0.8169245543627743], [0.09729452618878935, 0.08875004146433647, 0.08540897441505915, 0.08988520500103679, 0.09320301397588902, 0.10984911555905542, 0.11354203362449546, 0.10852481961080411, 0.1257356289657651, 0.13652721974282991, 0.13975618476620386, 0.1471731711117898, 0.14143587772630123, 0.14324008557191203, 0.14396372052780898, 0.14772521109216386, 0.5902391554217339, 0.0]]

flow_rate time averaged
[0.018158926725614807, 0.018457066096510637, 0.016338693849175502, 0.01879881864094906, 0.019977170581277293]

integration of Vx/h_time_averaged
[63.05380343903956, 62.259589232872976, 62.665784418919905, 61.48821804473366, 62.75771928699572]

=======  Profil_vitesse_Vx instantaneous =======
[[0.6444097422063351, 1.5362633930312262, 1.8690378218889236, 1.867267206311226, 1.8904019338744027, 2.085153503077371, 2.4767514069875083, 2.3998791575431824, 2.449802803993225, 2.59936531384786, 2.906963348388672, 2.952075743675232, 2.9468584060668945, 2.985636387552534, 3.1232937404087613, 3.1341034173965454, 0, 0, 0, 0, 0], [0.7808274067938328, 1.1121792569756508, 1.3927645087242126, 1.913344492514928, 2.1210150718688965, 2.2824319998423257, 2.419847106933594, 2.4987511502371893, 2.6220078229904176, 2.685571050643921, 2.632611721754074, 2.7277132074038186, 2.7814167499542237, 3.0038301944732666, 3.0505547523498535, 3.104808986186981, 0, 0, 0, 0, 0], [0.6952582523226738, 1.6402926743030548, 1.6433821320533752, 1.7475060105323792, 1.9773868769407272, 1.958599105477333, 2.207849621772766, 2.361803674697876, 2.5094950795173645, 2.674363851547241, 2.6944951117038727, 2.71731373667717, 2.80178439617157, 3.002917319536209, 3.0138920545578003, 3.089527904987335, 3.196597099304199, 3.382325291633606, 0, 0, 0], [1.0235385128429957, 1.4052987933158874, 1.364366388320923, 1.5144996047019958, 1.8724760015805562, 2.013116547039577, 2.221181535720825, 2.3111152052879333, 2.308617181248135, 2.519838720560074, 2.640991377830505, 2.7392196390363903, 2.885424792766571, 2.877056884765625, 2.977205753326416, 3.0595842003822327, 3.202216829572405, 3.269676446914673, 3.301491618156433, 0, 0], [0.9779951969782511, 1.53857524394989, 1.5600001215934753, 1.772131310059474, 1.9486849904060364, 2.1718533635139465, 2.2206770181655884, 2.2744690974553428, 2.5182826220989227, 2.702174735069275, 2.758137494325638, 2.8605569967856774, 2.8628588914871216, 2.907800853252411, 2.9286582867304483, 3.0103030800819397, 3.075366457303365, 0, 0, 0, 0]]

flow_rate_instantaneous
[0.030654451264107062, 0.03005735634066677, 0.039189572080047363, 0.0433399200317811, 0.0343615935079344]

integration of Vx/h_instantaeous
[106.0707656197476, 104.00469322030023, 108.55837141287358, 108.34980007945276, 106.05430095041481]

=====  Profil_vitesse_Vy time-averaged ========

Vy_profil_100steps_averaged
[[-0.016501115638644183, -0.011621068959728618, -0.019425147673794798, -0.00877582432649163, 0.014431782908271285, 0.003805182948911479, -0.011180171180066749, -0.023283265742366017, -0.01255218493053779, -0.01835917903473334, -0.02776340980966623, -0.034354086922478384, -0.03234838341505076, -0.02724327839546219, -0.031963225375980966, -0.03346552975258734, 0.0, 0.0], [0.0019575745223174386, 0.030846059173274487, 0.008788390706367053, 0.007917016348158003, -0.01809303261149097, -0.05241516348561995, -0.05897605080976269, -0.05406221682260866, -0.04507651120275535, -0.05237963516171262, -0.05996670711948075, -0.050999461474201827, -0.05632451223720499, -0.059186636082053476, -0.06024362641131573, -0.054541638217361285, -0.014635686642757736, 0.0], [-0.032052388894858654, -0.022945733629261236, -0.013751159245595794, -0.0031062012863829745, 0.008463068385663658, -0.0302034069901459, -0.030355715473963166, -0.03970154897191645, -0.030193447597149193, -0.027883954752195385, -0.02027780703906947, -0.023091909296496727, -0.02142225183459938, -0.02233205876564527, -0.01117746846828829, 0.003496661471823851, -0.0010607302010255664, -0.0027814560989831007], [0.012515649053076427, -0.004913349661256862, 0.0032801017594033285, 0.004042658551304874, 0.01572165949790348, 0.02329795933746808, 0.02559889066227151, 0.02664595647654559, 0.02830980100647163, 0.03787694008803462, 0.040238678365858156, 0.028723840319042893, 0.03053489946436541, 0.04025229858351228, 0.03297822311651783, 0.03343924704570094, 0.005894295362613113, 0.005904723991556923], [0.004465094741740072, 0.01844434509157899, 0.02411671599664548, 0.013192618983141651, -0.017495761163171676, -0.010167532003977992, -0.023088309714863024, -0.021101481552277947, -0.01404361323404535, -0.025807432869916238, -0.029887551764175423, -0.03259047424170993, -0.047795644051793214, -0.04853290621761669, -0.03951533921400089, -0.031384277251776074, -0.03607075352973048, 0.0]]

Vy_profil_100steps_averaged_std
[[0.09592061258331885, 0.06355109094914949, 0.054517361412898716, 0.06446845564124011, 0.08559854863259982, 0.05707545946839273, 0.05730549535167379, 0.041469243450469595, 0.0387441532989257, 0.03119505969507162, 0.02430094436507847, 0.010542440343519819, 0.012922096659621594, 0.009462665146612871, 0.01279575829285517, 0.02018541087560929, 0.0, 0.0], [0.07511125404266691, 0.06317234742876812, 0.06540578622124256, 0.08287395160680416, 0.04778466129114665, 0.036564911106297254, 0.025240475362970128, 0.014163982373309274, 0.014309924067766178, 0.0168625279347598, 0.01823601146453071, 0.020997755643652267, 0.015357445877131129, 0.017855985069110816, 0.022684397728684177, 0.03127655441206139, 0.021940165742558214, 0.0], [0.09664963206961955, 0.06392496590463931, 0.055248343068353085, 0.05082485150572192, 0.03666389385006112, 0.034132973077771155, 0.03681128930148121, 0.03290649156078359, 0.02392530043645959, 0.033436427195690815, 0.03227282936839412, 0.023557082961659138, 0.01708322811590124, 0.021870027644646465, 0.021028982539936104, 0.028770342648719183, 0.008752662543814625, 0.008618836718018533], [0.0695084023647179, 0.09799316065568023, 0.07518321149830377, 0.0630194664248096, 0.04817908630182295, 0.06210570862886918, 0.06215484290486845, 0.05084069477218326, 0.053872130355553695, 0.048278210229875884, 0.04392236487974947, 0.04256034557634571, 0.028443435832736362, 0.030588060062264735, 0.033208822754354606, 0.03234873329136352, 0.015418288234769624, 0.025067380910454795], [0.07976894468257575, 0.04287315681832159, 0.04180221446051371, 0.04717732607657637, 0.03586581409433113, 0.03446537324752295, 0.028645577128680183, 0.020770277052168724, 0.023572401712440478, 0.02174862386530234, 0.02257823956748039, 0.02824713785579418, 0.023668123799082036, 0.02402881573673361, 0.025015946094982373, 0.02054663202268157, 0.026261922841254687, 0.0]]

=======  Profil_vitesse_Vy instantaneous =======
[[0.37798621226102114, 0.12607561382982466, -0.04648979380726814, 0.027209315448999405, 0.1690977535077504, 0.14068982217993056, 0.055908508184883327, 0.09898238266274954, 0.16816640198230742, 0.1701201196346018, 0.12017457280308008, 0.012445962429046631, -0.011091072345152497, -0.06049064280731337, -0.08002336589353425, -0.10829764232039452, 0, 0, 0, 0, 0], [0.26362070720642805, 0.1365836439654231, 0.29151903092861176, 0.12554099845389524, -0.06218716725707054, -0.07854274955267708, -0.1177850915119052, -0.11493920058839852, -0.10623122453689575, -0.09940772354602814, -0.09006577939726412, -0.07173489461032052, -0.1022380094975233, -0.11023413669317961, -0.14311072789132595, -0.1375124156475067, 0, 0, 0, 0, 0], [0.25797955598682165, -0.06856507901102304, -0.03678019787184894, -0.0051436804234981535, -0.03163451451109722, 0.053916873104753904, 0.08892614287324249, 0.04885650514625013, 0.029837470967322588, 0.0884811885189265, 0.07561317796353251, -0.021843580761924386, 0.039827471133321524, 0.016951525351032615, -0.08305842031000389, -0.12328561209142208, -0.04766486585140228, -0.05578046292066574, 0, 0, 0], [-0.022419277046407973, -0.1338362067937851, -0.12838301192969084, -0.06992911547422409, -0.052109314439197384, -0.014374994340219669, -0.019376858510077, -0.008418960904236883, -0.03993344485449294, -0.05102325323969126, 0.021869035926647483, -0.02088281765787138, 0.0036480144481174648, 0.05465251784771681, 0.01826807708130218, -0.032063253835076466, -0.02969991322606802, -0.05955033004283905, -0.05877212435007095, 0, 0], [-0.13515409951408705, -0.061233312077820304, 0.13323692418634892, 0.10085291451273057, 0.10781944285845384, 0.09215515665709972, 0.04861836796626449, -0.02870113030076027, 0.0055130841210484505, -0.024077685549855232, -0.002902759621065343, -0.02484268043637992, -0.02071091830730438, -0.0014755685115233064, 0.023727072402834892, 0.012175969208328752, -0.05166607598463694, 0, 0, 0, 0]]