2d_sphere_flow_N-25000-e-0.5-mu-0.5-angle-30.hdf5

num_grains
25000
tank_width
117.3
x_position_from_gate
300.0
time simulation
[1.0, 1.5, 2.0, 2.5, 3.0]

h_time_averaged
[18.504950495049506, 18.663366336633665, 18.19607843137255, 18.821782178217823, 18.277227722772277]
h_instantaneous
[19.0, 19.0, 18.0, 19.0, 19.0]

 h1_time_averaged_ratio
[0, 1, 2, 3, 4, 5, 6, 7, 8, 9, 10, 11, 12, 13, 14, 15, 16, 17, 18]
h1_ratio
[0, 1, 2, 3, 4, 5, 6, 7, 8, 9, 10, 11, 12, 13, 14, 15, 16, 17, 18, 19]

=====  Profil_vitesse_Vx time-averaged ========

Vx_profil_100steps_averaged
[[0.3222116318035705, 0.591482293148442, 0.7421520809135815, 0.777792941550217, 0.8503492267457229, 0.9021590792109864, 0.9775572110717444, 1.0182399976240395, 1.1029443181682341, 1.1518497745982885, 1.1856072027494413, 1.2131307006311458, 1.2351289063397022, 1.2803852012251864, 1.2928247037107006, 1.309520038106654, 1.3457992227360753, 0.8685575475787172, 0.0], [0.40013010350882816, 0.528809834760998, 0.6177533130834598, 0.7257558585393546, 0.8438587175737513, 0.9354561317085041, 0.9968023137782666, 1.0512009192825433, 1.067650742142451, 1.1138805227170627, 1.1520976790303838, 1.1694643100889601, 1.2295499959794602, 1.2472311176285884, 1.2564681069966703, 1.2813548060927062, 1.322951691437869, 1.0854234567569823, 0.0], [0.4022355841874492, 0.5304066947484816, 0.6339264321853133, 0.7445856954731971, 0.8134550505019481, 0.9014759758899525, 0.9582651811187862, 1.0308433498529825, 1.0775735922303853, 1.1382447599975112, 1.1939257204532623, 1.2537246526456345, 1.2734002283196044, 1.310587840629559, 1.3268219929894591, 1.3405641872703637, 1.3530147624366426, 0.9901925662374184, 0.0], [0.3277200709905463, 0.5983652278141613, 0.6509589274576788, 0.797469050744579, 0.8757951865495235, 0.9018866127965475, 0.9743254192984931, 1.021956011397217, 1.0876062427711959, 1.160315353229101, 1.1802661933015395, 1.1994411689875806, 1.2164230363925037, 1.2640895129430412, 1.2952902114880303, 1.330494322458116, 1.3578462596380279, 0.9070219130996038, 0.24587721753828595], [0.32260052956419416, 0.6042761655727236, 0.6858540557529799, 0.7131088415634119, 0.8007799421974685, 0.8917643431347532, 0.9584307822016973, 1.0150365096310972, 1.038319460275543, 1.0570023846293652, 1.1274397430729657, 1.1639091805262927, 1.2179541836280634, 1.2886471604056917, 1.321819352493821, 1.331566289352505, 1.3561490780056114, 0.38028301106821194, 0.0]]

Vx_profil_100steps_averaged_std
[[0.07306626591233925, 0.07106350242336096, 0.08773413065897404, 0.0938470071123414, 0.09508198824326362, 0.09926302077600536, 0.10009924119424637, 0.10923035937809966, 0.11292419012595824, 0.11337865474804683, 0.12292660696267883, 0.12659402675084586, 0.12735491413039413, 0.12793121887340733, 0.13003021601909273, 0.13436995227098797, 0.15073690487193406, 0.6899459885066662, 0.0], [0.08046182438594675, 0.06889497128808628, 0.059207761678009445, 0.07423153105669052, 0.09952458625611676, 0.09873343016054513, 0.10767136692629163, 0.1054032912096891, 0.09853774388229206, 0.10931893504271686, 0.1165749863660339, 0.12293066385976148, 0.1252476098846377, 0.13180390173418055, 0.13086738520061938, 0.13403000182037522, 0.13218556372931223, 0.5389490760561277, 0.0], [0.07900302019392162, 0.1305901127003326, 0.1039733582990511, 0.10880238129270633, 0.11394423852777472, 0.12652817385632892, 0.13549416090116592, 0.15264419843679122, 0.15769227116231813, 0.16070213136514563, 0.17106038951081856, 0.17833794510619527, 0.18155031469477492, 0.18326368960811504, 0.18423607667695804, 0.18967441770224108, 0.18723415226917037, 0.624182987079947, 0.0], [0.06284624042133065, 0.09998629531636286, 0.08991618338298875, 0.09911508775248823, 0.10820111828342448, 0.09816746973791986, 0.10072109042379526, 0.09566079152536022, 0.10347470803510732, 0.1117536391374773, 0.11203031144298584, 0.1120613950654844, 0.12607529312479174, 0.13364668189421705, 0.13199329154351327, 0.13685894789216574, 0.1313805956585244, 0.689781978803472, 0.5279854476299103], [0.06928045060608291, 0.06435195800840499, 0.06831625389492228, 0.09868114720234378, 0.09194932798967805, 0.07721756749483198, 0.09654752493652607, 0.10417295106006338, 0.11294089528153671, 0.11089071629234548, 0.11661082355333147, 0.1169586203677084, 0.11686876253619827, 0.11861797328275336, 0.12340757273753719, 0.12543261003782025, 0.12564709585991288, 0.6275794430025748, 0.0]]

flow_rate time averaged
[0.01769432855321437, 0.017706465703901195, 0.017500072941106146, 0.018220622319875385, 0.016617791094392407]

integration of Vx/h_time_averaged
[51.67235222520225, 50.83372334864695, 52.854778676586065, 51.43298379878935, 49.74536814508513]

=======  Profil_vitesse_Vx instantaneous =======
[[0.48219262808561325, 1.0801223516464233, 1.489657998085022, 1.6478389650583267, 1.7622161984443665, 1.8341312885284424, 1.913511961698532, 2.078100668059455, 2.2131420373916626, 2.272178888320923, 2.394002985954285, 2.4628650708632036, 2.4932267904281615, 2.5435301661491394, 2.585555171966553, 2.631608486175537, 2.824690341949463, 2.8314238786697388, 0, 0], [0.7454770565032959, 1.0565731227397919, 1.1718221604824066, 1.3969070613384247, 1.5068162232637405, 1.841541826725006, 2.005264174938202, 2.0277204632759096, 2.037754148244858, 2.2040128310521445, 2.3019059896469116, 2.3886530697345734, 2.4682270288467407, 2.546013617515564, 2.5532325335911343, 2.6117666363716125, 2.6308162927627565, 2.653923809528351, 0, 0], [0.7113686352968216, 1.302290678024292, 1.3631701916456223, 1.4874555230140687, 1.5979801019032795, 1.7888266891241074, 1.9173537263503442, 2.1697532296180726, 2.235723853111267, 2.2872862219810486, 2.417972832918167, 2.5380064249038696, 2.5866421699523925, 2.611764144897461, 2.6013428370157876, 2.6874852776527405, 2.641475260257721, 0, 0, 0], [0.70356435328722, 1.2550652772188187, 1.3955817222595215, 1.74154931306839, 1.8374232530593873, 1.86162169277668, 1.9527405798435211, 1.9464737474918365, 2.0307870507240295, 2.211858590443929, 2.2741211482456754, 2.309411631690131, 2.468646181954278, 2.592173000176748, 2.6106061935424805, 2.6945992946624755, 2.663915832837423, 2.8210580348968506, 0, 0], [0.7482600688934327, 0.9632940689722697, 1.2405782673094008, 1.3407904386520386, 1.4472859170701768, 1.6239851862192154, 1.9006580379274156, 2.032356470823288, 2.1440487623214723, 2.0923546769402246, 2.27884257923473, 2.2877682745456696, 2.329402470588684, 2.4500942495134144, 2.54239551226298, 2.577515172958374, 2.590324878692627, 2.6516311168670654, 0, 0]]

flow_rate_instantaneous
[0.03566299608360111, 0.03434100664423335, 0.03145130801790036, 0.035502637053270426, 0.03347950684230286]

integration of Vx/h_instantaeous
[98.78946283546014, 95.12744222779321, 97.07193832685296, 98.34525499520895, 92.74101618366443]

=====  Profil_vitesse_Vy time-averaged ========

Vy_profil_100steps_averaged
[[0.0014631149245369584, 0.022771504248493606, 0.0014819706573455341, 0.0011686833011541246, -0.015005690275012442, -0.004215744648836064, -0.019006245982565798, -0.014295440992277437, -0.01661189200941669, -0.01207666564159358, -0.015941774248584815, -0.014134747794480925, -0.01834659076460902, -0.02415232562562829, -0.028899408700082934, -0.02704860855059325, -0.027858335254751353, -0.019665730241592093, 0.0], [0.00972684623465413, 0.018230744628327907, 0.0056327447665758465, 0.0072588982831911205, 0.0009628489963547401, 0.008480946606967564, 0.010536399789463049, 0.0017809766185524635, 0.004615484179695949, 0.003001367485683873, 0.003507148082673378, 0.00649585130242017, -0.00598099053995461, -0.009284761131885737, -0.008125122235347768, -0.013068755163107253, -0.011432773437991274, -0.0030797734256483105, 0.0], [0.014413113656052039, 0.029809069988816925, 0.016163398712833323, 0.004964737572404404, 0.010710560763483028, -0.002334718360372576, -0.0006938501406596891, -0.0010086681162504779, -0.0028124124277216648, -0.014510847618240567, -0.01625079419625085, -0.011843413455093457, -0.005934228510732342, -0.01636994970364445, -0.01577416202405575, -0.021615822652157713, -0.02384201401754463, -0.011577810890931907, 0.0], [-0.01530990288594916, -0.012998346925520826, 0.0038206803350620626, 0.020332439294499467, 0.016889815695946567, 0.01623871008765737, 0.00359632084855728, 0.009293630418848713, -0.0033206715013904776, -0.010777384399016859, -0.02294447273588447, -0.03398510632441514, -0.04363535745765343, -0.048093334038792505, -0.0499825347454814, -0.04901876357136597, -0.05629755775436524, -0.03853133072340461, -0.004975842053789903], [0.00845580233524941, -0.025732444781712455, -0.03433397675965445, -0.04164549612588257, -0.041894320995518264, -0.0339512833429757, -0.019189844474352506, -0.00706005962419542, -0.003933415746296335, 0.019237806533364744, 0.006716605283536413, 0.021483304785762797, 0.017888154115694114, 0.019282960127188466, 0.013756391888942721, -0.0008844166051918374, 0.006009254954400296, 0.015192801040588039, 0.0]]

Vy_profil_100steps_averaged_std
[[0.04882930766268809, 0.04453368583547055, 0.03454131953018108, 0.0405477232827271, 0.03991284882994718, 0.037893852430902555, 0.042022703682935744, 0.03658483708767191, 0.017294181537641576, 0.02522179362534039, 0.013860047765862561, 0.01157118940394435, 0.012476036879509883, 0.006763364325746505, 0.011575654003219702, 0.011324959424502195, 0.031087287121682704, 0.024344051127957428, 0.0], [0.04758114316713259, 0.04680719008256109, 0.03555803046340084, 0.04457689371321328, 0.04096080301251858, 0.03625073503731495, 0.03367759837676538, 0.02997197196907825, 0.026101256203580805, 0.029080200599974668, 0.032444449592467554, 0.024235091605414708, 0.01935197212833434, 0.021137157337096465, 0.015998179687316053, 0.011560342804890643, 0.013548215550459179, 0.014013190491339516, 0.0], [0.05076869462190407, 0.06853610070619308, 0.06069066693971021, 0.04761536132818093, 0.03055248299969501, 0.02312906027078773, 0.018621194411885953, 0.02890561418625127, 0.02674016054419611, 0.020842205392272502, 0.023135474790433378, 0.024414910916346785, 0.024663093751726154, 0.022346962880622583, 0.027491582493317533, 0.021040853963011856, 0.014548864192393849, 0.018597399030611583, 0.0], [0.047867737221618946, 0.06768375521921871, 0.04902887807210833, 0.04901676904902945, 0.02795998102909837, 0.029892709853308972, 0.03505882962567693, 0.02693045313956392, 0.03128362050844928, 0.028089317001556514, 0.02213680937712022, 0.01598635949024878, 0.02235872998551174, 0.015711119992428524, 0.015991166500609433, 0.02520712604685842, 0.011057992635089085, 0.03711871761326831, 0.010840393796487017], [0.05002359996780792, 0.03941051296423344, 0.03516806206470505, 0.032941268122651246, 0.038031407337247705, 0.03281283759722279, 0.03438633499407632, 0.040347936219882544, 0.0449246209898534, 0.03384963632561773, 0.03165883903986189, 0.050582868071405884, 0.048860646454266285, 0.05040299085916805, 0.042029332431488806, 0.026044839444136964, 0.04383918841739037, 0.025095172503890612, 0.0]]

=======  Profil_vitesse_Vy instantaneous =======
[[0.043251849012449384, -0.05539763066917658, -0.08848621528595686, -0.031483499333262444, -0.013757489249110222, -0.027471468970179557, -0.07956396834924817, -0.05879663427670797, -0.02781532786320895, 0.010274319909512997, -0.027382905688136817, -0.06636103022504937, -0.059196393564343454, -0.035760550294071436, -0.07385033527389169, -0.045345849078148606, -0.2142646759748459, -0.15689824521541595, 0, 0], [-0.07273137490265072, 0.13942100182175637, 0.07839378278004006, 0.09634272730909288, 0.02077416959218681, -0.015113302113604732, -0.004373896110337228, -0.0294903876259923, -0.032221301458776, -0.06904736044816673, -0.03518652368802577, -0.025183592922985554, -0.014768421370536088, -0.05038815140724182, -0.0391553895481463, -0.0040167514234781265, 0.04018484503030777, -0.07398473937064409, 0, 0], [-0.021837187465280294, 0.011988333612680434, 0.05557191627303837, 0.05592156518250704, 0.09832706674933434, 0.030479119275696576, -0.0231181752259055, -0.09164121821522712, -0.08191730009857565, -0.06208846450135752, -0.021652478026226163, -0.05017186949650446, -0.0638054434210062, -0.09458635486662388, -0.10343120619654655, -0.07938438560813665, -0.044854868203401566, 0, 0, 0], [0.009353431174531579, 0.10802803240949288, 0.06173613481223583, -0.057852337311487645, 0.0403522458858788, -0.03978779632598162, -0.061523008276708424, 0.011881269863806665, -0.0018485550070181489, -0.10269325971603394, -0.11610575206577778, -0.10465523145265049, -0.12944462026158968, -0.09996404669558008, -0.14580432325601578, -0.21441719457507133, -0.10636047025521596, -0.19813098013401031, 0, 0], [-0.07340237218886614, -0.1270290700097879, -0.0820359792560339, -0.08908981932327151, 0.0030959980148408148, 0.03154938155785203, 0.028351449718077976, 0.03148204553872347, 0.00026639006100595, 0.07351849566806447, 0.07812407832931388, 0.13713246304541826, 0.14015712684486062, 0.17334816149539417, 0.15139823515589038, 0.058956705033779144, 0.09600067014495532, 0.09881197288632393, 0, 0]]