2d_sphere_flow_N-25000-e-0.5-mu-0.5-angle-30.hdf5

num_grains
25000
tank_width
117.3
x_position_from_gate
900.0
time simulation
[1.0, 1.5, 2.0, 2.5, 3.0]

h_time_averaged
[9.970297029702971, 12.138613861386139, 13.490196078431373, 12.267326732673267, 14.643564356435643]
h_instantaneous
[11.0, 14.0, 15.0, 14.0, 15.0]

 h1_time_averaged_ratio
[0, 1, 2, 3, 4, 5, 6, 7, 8, 9, 10, 11, 12, 13, 14]
h1_ratio
[0, 1, 2, 3, 4, 5, 6, 7, 8, 9, 10, 11, 12, 13, 14, 15]

=====  Profil_vitesse_Vx time-averaged ========

Vx_profil_100steps_averaged
[[1.3449984107277182, 1.4555276665750512, 1.521463213777385, 1.5833682529997117, 1.6396319463701532, 1.6775018360748546, 1.706885650842497, 1.739444894877204, 1.7555380395733484, 1.60582839478754, 0.038625341830867355, 0.48120256579748477, 0.0, 0.0, 0.0], [1.1955055063510491, 1.246928221970895, 1.3001492800492265, 1.3580061600546631, 1.408297412171222, 1.4677635635760864, 1.4919677405270808, 1.5474080346598489, 1.6074424092328983, 1.655318928886168, 1.681475597403624, 1.7288797043534394, 1.760046198993626, 0.25178606557373956, 0.0], [0.8038785620257745, 1.1604656958891677, 1.254032687424055, 1.3025295647335986, 1.3498006506682998, 1.4052617706699306, 1.4606987598090388, 1.5011035927760057, 1.5328048364733222, 1.5690955015374166, 1.6012403720734167, 1.637599962443308, 1.659002828968117, 1.6900929092776542, 1.5826041782213969], [1.0372826147197496, 1.1500146243241751, 1.220101241349387, 1.2074785010255997, 1.3708804964822512, 1.4145528399118106, 1.4487481228392507, 1.5069231781432337, 1.5356742001602752, 1.5588761837962435, 1.5952174553776732, 1.6199533038800307, 1.4491257358698955, 1.4453496276545448, 0.5919916128168011], [1.1037388658366187, 1.1470695899264647, 1.2481031769966529, 1.2997905094631432, 1.3548901997186955, 1.3887309570123652, 1.4438071136427397, 1.4987079464759763, 1.5421436299388558, 1.5977039255521477, 1.6294474027141088, 1.6508016392342717, 1.6780985039649625, 1.6946559344581251, 1.2997473283569412]]

Vx_profil_100steps_averaged_std
[[0.14524747375451227, 0.04936267647261287, 0.04615101971957795, 0.04791423785871283, 0.028060802451320456, 0.022820712579782004, 0.02186206914378668, 0.026672173698276232, 0.030727789779404296, 0.5328511096008904, 0.2717533680781011, 0.7966420879598761, 0.0, 0.0, 0.0], [0.17261501097023213, 0.027632180082567417, 0.023667188103370432, 0.021885751685381837, 0.0353708915862898, 0.0226325756800886, 0.023541283992762112, 0.030669285684402768, 0.028028196595309477, 0.025799580471523594, 0.03142207498701604, 0.030457779773652365, 0.026149309220884667, 0.6276645471180363, 0.0], [0.5073233187888407, 0.1209359358733729, 0.12831290344795176, 0.1339048543499142, 0.13776160848278576, 0.14218725721121564, 0.14710894243925626, 0.15131967545429056, 0.1545057956103762, 0.1583216292630737, 0.16047666683226391, 0.16415058696943197, 0.1665236825675801, 0.17007566851448763, 0.4935226035405462], [0.24424166077709272, 0.0506453805673578, 0.0538267447069761, 0.35758311167306456, 0.0418912100761533, 0.03811121962386081, 0.03009601880293272, 0.02018347657894106, 0.02178205333291263, 0.031849754643352476, 0.023018760072101158, 0.16398872177331142, 0.581628279355525, 0.6279800335919505, 0.8504083872115963], [0.11447241242097216, 0.16526483004357265, 0.04066553527557027, 0.029398191237266273, 0.024511495587002514, 0.028164295831341436, 0.02418037040092692, 0.023523991115162467, 0.02444308052690702, 0.03696734796304576, 0.02504956438617579, 0.024080292592641828, 0.028046878386888126, 0.023242814775432368, 0.7461787239219152]]

flow_rate time averaged
[0.011000571833487429, 0.01594283507193609, 0.01934513172368297, 0.0164808833701761, 0.021064705553629687]

integration of Vx/h_time_averaged
[110.6621408565121, 108.20002486156393, 106.30046565140657, 109.51676855385759, 98.23399184370066]

=======  Profil_vitesse_Vx instantaneous =======
[[0, 1.2156450351079304, 1.2658892571926117, 1.3184074759483337, 1.4323717653751373, 1.5067032178243, 1.5229440927505493, 1.5248642206192016, 1.5225464502970378, 1.5942339897155762, 0, 0, 0, 0, 0, 0], [1.0025745232899983, 1.079029122988383, 1.0975841283798218, 1.17388174533844, 1.1999346733093261, 1.2837627232074738, 1.310877948999405, 1.3270012935002644, 1.4122572541236877, 1.450685238838196, 1.4607855876286824, 1.482980489730835, 1.5695997774600983, 0, 0, 0], [0.952167272567749, 0.9423152208328247, 1.0567646026611328, 1.123381996154785, 1.1510038773218791, 1.2575631936391194, 1.2908720970153809, 1.3406307697296143, 1.380323314666748, 1.4076731503009796, 1.436257282892863, 1.4777219593524933, 1.4998225768407185, 1.504412055015564, 0, 0], [0.925494372844696, 0.996448278427124, 1.0610957145690918, 1.0785679817199707, 1.2440850019454956, 1.2695691585540771, 1.272760033607483, 1.3502255439758302, 1.3741050064563751, 1.3943928241729737, 1.4269115686416627, 1.4639776945114136, 1.5142357150713603, 1.5243167877197266, 0, 0], [0.910084088643392, 1.0328386624654133, 1.0146352052688599, 1.067252278327942, 1.1423428654670715, 1.1988588571548462, 1.2625982165336609, 1.2933051347732545, 1.3323343992233276, 1.3735995054244996, 1.4246850311756134, 1.4384575287501018, 1.4719590544700623, 1.4943927526474, 0, 0]]

flow_rate_instantaneous
[0.00887122878457109, 0.014744585193445285, 0.016707102533429857, 0.01565916247194012, 0.016366259606555106]

integration of Vx/h_instantaeous
[73.31594036835612, 75.22747547676165, 74.25378903746603, 79.89368608132713, 72.73893158468935]

=====  Profil_vitesse_Vy time-averaged ========

Vy_profil_100steps_averaged
[[-0.17384491037122485, -0.19166855100948033, -0.17456089675967448, -0.15775263410295198, -0.14286093474319664, -0.13492063326582854, -0.13054683020479804, -0.12092365523302318, -0.114107925616967, -0.09584565598382414, -0.0026321012784939002, -0.018068993519438376, 0.0, 0.0, 0.0], [-0.18424466158395555, -0.17146861387213855, -0.14943548015782937, -0.14512161175987803, -0.13931068285512846, -0.13478313084746213, -0.1256877457839821, -0.12706664631038705, -0.12623778805935834, -0.11142863421132264, -0.11288278950101671, -0.11396618302997584, -0.08793640632624967, -0.01900617232417116, 0.0], [-0.14859942584207242, -0.16047266203593583, -0.1440859979651625, -0.13097276802546057, -0.12868461041753881, -0.11573731885443815, -0.10470417178741176, -0.10887463555299962, -0.09393049050574681, -0.09110744957221684, -0.09026222870277327, -0.08629055742198737, -0.07690309204185514, -0.06787348905079116, -0.0384730189094043], [-0.18674772048350607, -0.19048183254479573, -0.1678530792948535, -0.163208151943121, -0.14235451952139339, -0.12963614868793155, -0.11437727558263655, -0.1030492218832175, -0.10280365518328087, -0.08940808403400993, -0.08147209871793934, -0.08697706252680754, -0.06549369912139653, -0.05554162284586787, -0.033440780835133965], [-0.200280034256847, -0.17086597492690922, -0.16784539301157392, -0.13750243274242963, -0.13429890066360678, -0.13803930605943054, -0.13418416424528404, -0.1281855419032251, -0.11393409162489297, -0.1197090039773546, -0.11829526205070735, -0.10997718113410003, -0.09966041436019313, -0.08726983311164989, -0.06785037718934588]]

Vy_profil_100steps_averaged_std
[[0.059578961546599966, 0.02396148118274458, 0.0254389397841266, 0.024661777585674886, 0.022085510258156374, 0.020315513390713965, 0.023260904266691185, 0.028634644517521242, 0.028141064875531745, 0.04006673922476187, 0.018518473977148776, 0.030108569501207508, 0.0, 0.0, 0.0], [0.039436292345464585, 0.02790928039449836, 0.032260260320915356, 0.030213271162872396, 0.024984779230777007, 0.026987755032045663, 0.030596898396077658, 0.025937277115155796, 0.022907478825902966, 0.020964267292357366, 0.022768412303856865, 0.026396742563615495, 0.033701588634325076, 0.04739663172829589, 0.0], [0.09650998636268909, 0.03231660458543752, 0.03642137858606341, 0.03561133657461261, 0.029577250003618917, 0.031353304168426195, 0.025820385318251905, 0.023570069363788207, 0.02339347298891511, 0.024203325820409332, 0.022950662747410037, 0.02305860889146291, 0.02493824308348036, 0.02616354837471307, 0.03662028420995486], [0.06087929951474451, 0.03418783161359611, 0.02714733986426325, 0.05821847504058842, 0.02401101411098239, 0.023535255101264512, 0.02305597660637422, 0.02309605828913432, 0.022140196611637783, 0.023657588405792275, 0.025013513114187227, 0.024753448505792836, 0.03483439856225629, 0.033150702513875606, 0.048689587486040006], [0.03532660340491653, 0.035127673092881596, 0.029686382064903715, 0.025787345775586622, 0.02496067921698643, 0.020808699561811365, 0.022229538895807067, 0.021922960900847107, 0.022507839794844844, 0.020898816311880848, 0.02338426576048552, 0.024523445759952238, 0.02852738414863755, 0.02828191718890343, 0.043282412596139574]]

=======  Profil_vitesse_Vy instantaneous =======
[[0, -0.367074579000473, -0.3425332438200712, -0.32525279745459557, -0.33038692362606525, -0.32306181887785596, -0.3010123521089554, -0.3050978913903236, -0.29260313759247464, -0.2894079461693764, 0, 0, 0, 0, 0, 0], [-0.39835791289806366, -0.37087351580460864, -0.35867999494075775, -0.37227365374565125, -0.35660913586616516, -0.35479120910167694, -0.35976897925138474, -0.3335881531238556, -0.3140185922384262, -0.2906646654009819, -0.2906332736214002, -0.2985394950956106, -0.29504789784550667, 0, 0, 0], [-0.38382137815157574, -0.40673644840717316, -0.38164200633764267, -0.3579756408929825, -0.3287893161177635, -0.3318116118510564, -0.29431308805942535, -0.304561959579587, -0.30142983198165896, -0.29521134309470654, -0.2830427636702855, -0.27084892243146896, -0.2757205640276273, -0.255175506696105, 0, 0], [-0.47090548276901245, -0.4315950622161229, -0.3699578295151393, -0.34397178143262863, -0.3515729486942291, -0.34016974866390226, -0.3319058436900377, -0.3084599286317825, -0.2936854213476181, -0.29625015035271646, -0.29225483536720276, -0.29767906665802, -0.2907062942783038, -0.2843892276287079, 0, 0], [-0.4144531438748042, -0.3920125464598338, -0.3845328986644745, -0.3306385949254036, -0.30856413394212723, -0.30201595028241474, -0.3302862327545881, -0.3329772651195526, -0.3189963012933731, -0.3178635612130165, -0.31520156003534794, -0.30007318158944446, -0.2996399253606796, -0.2895376421511173, 0, 0]]