2d_sphere_flow_N-30000-e-0.5-mu-0.5-angle-20.hdf5

grain_size
0.001
hstep
0.0001
porosity
0.15
num_grains
30000
tank_width
117.3
x_position_from_gate
900
time simulation
[1.  1.5 2.  2.5 3. ]

=============Profil_compacity_100steps_averaged =============

profil_compacity_100steps_averaged
[[0.0], [0.5189259902371465, 0.4770312643377607, 0.4709293051869465, 0.5059263273618911, 0.583304839089708, 0.5720905283983362, 0.5390371748446174, 0.5561292108631312, 0.48471555550197687, 0.27709179270637, 0.03517829901912153], [0.4846648870641435], [0.4286937673084035, 0.47476737449459044, 0.5718961706952256, 0.6356264140601995, 0.6701855647040735, 0.634374035564627, 0.6381666340945874, 0.6533606931747867, 0.6656002085522076, 0.5896714738297238, 0.5429677380330445, 0.39117163671646515, 0.1309595072295392, 0.08103139134514269], [0.5506466809732635, 0.5509745105481467, 0.6590807866782668, 0.6376704873972056, 0.6014309020360339, 0.7046648117161564, 0.7413206424331955, 0.7607149089647858, 0.6539622909336278, 0.5480379680248029, 0.43709522967493974, 0.18033753972648334]]

profil_compacity_100steps_std_all
[[0.0], [0.14416455790359786, 0.12267764934122655, 0.12129044590038256, 0.1524536706305355, 0.10953148652384571, 0.10821500854838738, 0.16841994147458744, 0.21163738851821795, 0.14667885037908399, 0.12545011301142145, 0.06426391448544302], [0.1306645015986614], [0.13415767643093304, 0.11822491274545081, 0.12917079145762922, 0.13345795446155595, 0.13743488945996116, 0.15881399186222217, 0.11880043825370254, 0.14027308529147398, 0.13253977268992964, 0.11531697948388432, 0.14514559805802477, 0.15817334276650472, 0.12062679809650126, 0.07892173032495599], [0.1005127653100208, 0.10426518531137349, 0.18123327463651948, 0.13136144999902094, 0.12854873822525018, 0.12946549061577178, 0.1367780333370262, 0.12393890889225348, 0.13095209667916688, 0.14293863568441678, 0.10935196799762475, 0.09450662437362359]]

h_compacity_averaged
[2, 12, 2, 15, 13]

====================== h_instantaneous ======================

profil_density_instantaneous
[[0.0], [0.27944375519093656, 0.5716361757252858, 0.4686815061159379, 0.6705084062690428, 0.8384742162421125, 0.48859822646991, 0.8287250343793704, 0.6924518695431537, 0.4538668917100995, 0.18540723064484801, 0.0], [0.51465730179238, 0.6760519227913765, 0.546215773474022, 0.5511092107801936, 0.720304447847526, 0.6066384208862143, 0.6462524072633515, 0.6150841045519199, 0.7985169665143805, 0.5468009394642034, 0.27826702453366436, 0.15013461580185442, 0.14305479888131317], [0.3309027699036465, 0.7279475489001038, 0.6523880845868758, 0.6098305061002145, 0.47404990107807643, 0.8115260504082609, 0.49380412942791857, 0.5804024313866513, 0.650016047417057, 0.6167735340891907, 0.609302136410623, 0.4581846647397441, 0.41323202098611983, 0.0], [0.741969220727107, 0.5983791508956019, 0.9008067392393831, 0.6700654884214566, 0.4658426044906597, 0.7712005911976748, 0.7230053473261254, 0.6441481853769107, 0.7483339960658479, 0.46574969741097166, 0.4606117121844387, 0.13685781845136388]]

h_instantaneous
[2, 12, 14, 15, 13]

========================== h_time-averaged ==================

h_time_averaged
[2.0, 11.435643564356436, 12.882352941176471, 14.099009900990099, 13.594059405940595]

h_time_average_std
[0.0, 1.5441736011787646, 2.3816871497646566, 1.9776220869301222, 0.49107313931236607]