2d_sphere_flow_N-30000-e-0.5-mu-0.5-angle-20.hdf5

grain_size
0.001
hstep
0.0001
porosity
0.15
num_grains
30000
tank_width
117.3
x_position_from_gate
400
time simulation
[1.  1.5 2.  2.5 3. ]

=============Profil_compacity_100steps_averaged =============

profil_compacity_100steps_averaged
[[0.8263517442314369, 0.6074046304583354, 0.7287590392718778, 0.8056739865601672, 0.8675758440332672, 0.8267628073237444, 0.8177112279527105, 0.8025200522034259, 0.8682230564192647, 0.7442205363733793, 0.6530118807309214, 0.6865977086665669, 0.8554913516942394, 0.8835560451533429, 0.6312011001175456, 0.7476331328697653, 0.7788558242009217, 0.782960379941237, 0.5008241306494091, 0.15220981914592488, 0.0], [0.5400121888737162, 0.668279593909386, 0.5911225387724297, 0.7955880886179092, 0.8476713618935574, 0.8464916727568034, 0.7985425266102565, 0.7836088270553855, 0.6762625122934708, 0.8080096389198631, 0.6986340881898448, 0.7914238896751563, 0.7048501225136938, 0.6745052775178675, 0.6515214868911915, 0.5856485775099328, 0.8408239815152553, 0.8844601775849482, 0.7529319000006605, 0.8840066160759201, 0.6413880471148234, 0.6283875839574726, 0.18263304788614382, 0.0], [0.8713171196642577], [0.7936869477275372, 0.6809014819081873, 0.7813795242476238, 0.8085616707994846, 0.786197783567231, 0.7770461281305053, 0.7617095567160946, 0.8360915437762598, 0.7482111994151157, 0.7996596055152453, 0.8267577083339783, 0.7612194832351467, 0.6707706043238753, 0.9286064601197117, 0.6501244696541592, 0.8888666851618438, 0.7515550200789022, 0.8029989367648163, 0.7753115960127065, 0.736900189657379, 0.8294626245929976, 0.7696136325397083, 0.6145252217653862, 0.14247171510874843, 0.0], [0.8535608736118243, 0.761641962880636, 0.633995261145482, 0.8702542642084248, 0.8004630079475109, 0.7403600794258727, 0.7984172480809442, 0.8722417496448065, 0.6812554032689092, 0.7734158812756886, 1.052921448665924, 0.6436465814287461, 0.7106904253669073, 0.8112092075395859, 0.8208861213677378, 0.6434974353565256, 0.7106054025605903, 0.7869753086782455, 0.7947294937238333, 0.775889837757102, 0.8818202781874551, 0.72982443080617, 0.37086186714359237, 0.038129463316144946]]

profil_compacity_100steps_std_all
[[0.10705526632959168, 0.11658650639335019, 0.08847844772393855, 0.09265105958002079, 0.10379162441239827, 0.11033448999373931, 0.1414339701074012, 0.1575374904450616, 0.16361135168642793, 0.13558915649895292, 0.1093604617718313, 0.2270485219443153, 0.16041869238831388, 0.11266896204345876, 0.12380126807466721, 0.19084150724831916, 0.1185119806177215, 0.13919498496952776, 0.3690312269714244, 0.15847196546747, 0.0], [0.10171111674258425, 0.09282285590642733, 0.13527992200092626, 0.13681527730798868, 0.14995607702150637, 0.16947972047973975, 0.11426919350961369, 0.11815456911085898, 0.11906125333181543, 0.11286658316608109, 0.15854653373083885, 0.09628790864713485, 0.16129017361951922, 0.13648719720071453, 0.10429429341495762, 0.10099434330339124, 0.1565998677070169, 0.1504754554770877, 0.1251340092493126, 0.11456126818959411, 0.09733241994962026, 0.137583729488815, 0.14861055556984917, 0.0], [0.13004349488227132], [0.07526127192652615, 0.114361045573272, 0.15017007497074403, 0.10409782490402227, 0.13725981657104724, 0.13509611279313916, 0.11455881753057626, 0.11026310454478257, 0.11079830283313329, 0.1451937330873331, 0.11563036381094864, 0.1192934555567725, 0.12444379928256395, 0.1505184181307632, 0.14452549171683166, 0.1473065498674563, 0.1845816922837461, 0.15992431748850774, 0.23978278248199364, 0.16093377113179805, 0.17799168980098898, 0.20342101086241837, 0.15648419186465043, 0.028260372706873538, 0.0], [0.10922148620189281, 0.08786435624276255, 0.10268243345422907, 0.1435744073108636, 0.13921173741827564, 0.1411774972948379, 0.09936779867871418, 0.11338067932034437, 0.10138920887407529, 0.15963766720825145, 0.27416120455880527, 0.14532987438278433, 0.12376538450815053, 0.13089206698332195, 0.1113669742974702, 0.09709298248833198, 0.17968793182002613, 0.1250499047858099, 0.13017623118031918, 0.11579969063065207, 0.20021826696454983, 0.09256000480542492, 0.10865483997418708, 0.055989971792285556]]

h_compacity_averaged
[22, 25, 2, 26, 25]

====================== h_instantaneous ======================

profil_density_instantaneous
[[1.6906990063908924, 1.4848063612719786, 1.2376741391858084, 1.3458479942970112, 1.6652831063197906, 1.6024032834815611, 1.7763186301352618, 1.5870821911000703, 1.0155961785431384, 1.7095551340236121, 1.2232110855656062, 1.9746968942698766, 1.6413874145766127, 1.426425261513216, 1.4343680551653628, 1.5606195002400371, 1.2987556801088143, 1.6438375444533813, 1.4204177136022953, 1.02220894605847, 0.0], [1.2277562088841973, 1.277102886166714, 1.298174659231533, 1.7290768262794614, 1.5502966953363506, 1.7318818291195812, 1.480907663430002, 1.625102071380404, 1.6201028774058526, 1.3939313982197243, 1.562671547403011, 1.1975608315053623, 1.6513107452805253, 1.653501083332176, 1.2835085812573863, 1.181741267226081, 2.0109051577981925, 1.3604986091734972, 1.5748605305656653, 1.6269486863557887, 1.3033417321895857, 1.1326677518158794, 0.6585219079557789, 0.0], [1.7669844663970538, 1.4155953857876367, 1.0516659714752163, 1.547583871513088, 1.7644593105916229, 1.5774232421064562, 1.7891831706599841, 1.072113005638687, 1.7809236401240727, 1.4554116539755364, 1.7670159162243326, 1.6494264459363621, 1.2486803560251718, 1.8216802469793243, 1.505448965000263, 1.4406227081673832, 2.0401632631880937, 2.019460290211787, 1.6080512274242724, 1.5036322212722097, 1.454250915715956, 0.9235823725468094, 1.0311298809305065, 0.25609419301265185, 0.0], [1.4460723199804808, 1.3661892019177047, 1.7836967418056267, 1.4904515259003448, 1.8705119007457602, 1.6128761729335286, 1.4648870776751022, 1.1123720595029256, 1.2255059493318892, 2.018473016337724, 1.5492455218753747, 1.325824925068133, 1.1773740209596886, 1.7615494038679689, 1.624660344427501, 1.9261716543509737, 1.637396262001592, 1.6040346274561987, 0.6538034992062087, 1.1554967562910698, 1.9019370539089595, 1.964591908836245, 1.3348641049124275, 0.304484815523171, 0.0], [1.6861854977920772, 1.4418880833249537, 1.3492540676151183, 1.8772383608901257, 1.3236823765456673, 1.7425778741150892, 1.3666400651036705, 1.5361855310174244, 1.0948555543194904, 1.624778550402958, 1.5314382012377066, 1.5025620849626666, 1.6273709443993007, 1.354995742237058, 1.623988524980311, 1.1975545394618363, 1.5881421324248786, 1.6600946874233509, 1.0434996517969255, 1.5322357614791673, 2.0361051935119097, 1.3555036503153846, 0.3473061195383788, 0.0]]

h_instantaneous
[22, 25, 26, 26, 25]

========================== h_time-averaged ==================

h_time_averaged
[21.405940594059405, 24.514851485148515, 24.784313725490197, 25.445544554455445, 25.0]

h_time_average_std
[0.7982433414156981, 0.4997793847177807, 2.2692637269300873, 0.4970257583370746, 0.0]