2d_sphere_flow_N-30000-e-0.5-mu-0.5-angle-20.hdf5

grain_size
0.001
hstep
0.0001
porosity
0.15
num_grains
30000
tank_width
117.3
x_position_from_gate
800
time simulation
[1.  1.5 2.  2.5 3. ]

=============Profil_compacity_100steps_averaged =============

profil_compacity_100steps_averaged
[[0.16066422819288836, 0.14235294154201586, 0.14389089056104412, 0.03409011204903571, 0.10997999743523913], [0.7941420389761712, 0.7982478569901131, 0.8108414704816607, 0.6539865360357381, 0.6488265575390254, 0.6927682229406414, 0.8984134799130664, 0.819714237947347, 0.7514856661733182, 0.863236867285646, 0.6730862973229312, 0.7810722967689987, 0.7172593373816808, 0.8390135647447022, 0.6764037006798923, 0.5076520332256175, 0.38242726836288216, 0.06665116149593471, 0.0], [0.8013819723302206], [0.5482391948025304, 0.782350278255593, 0.9116523446065526, 0.8998618874381838, 0.6563658457361485, 0.884262511756353, 0.8281632755000696, 0.7142061420408058, 0.7755165563268742, 0.7431260951201486, 0.7419528234536297, 0.8498926681970588, 0.7520575944316509, 0.8193317717113358, 0.7928219574538021, 0.8002155991933327, 0.7012664134778979, 0.8037757669431971, 0.6978866233626413, 0.7209705443083919, 0.7565638167238511, 0.7638156447756534, 0.2584292149143368, 0.084887159309656], [0.8521716389824736, 0.7113633097510003, 0.7164356001771046, 0.6176694402724238, 0.7209440568930883, 0.8182894825447447, 0.8368280203727643, 0.8060090285102303, 0.8709263253476777, 0.7205534294293661, 0.7314231522831279, 0.8834787586411814, 0.7553331886610439, 0.7766875359238208, 0.7728189606384672, 0.9092155269114687, 0.7973214333085515, 0.7302344589621695, 0.6908944984302067, 0.6262143359467917, 0.8751103941615642, 0.6715925491113107, 0.3616690458574484]]

profil_compacity_100steps_std_all
[[0.10781815485611465, 0.08604655303751439, 0.1388003448278443, 0.09929698177767114, 0.06811320104222413], [0.10434555053230869, 0.09971832513203095, 0.09894528288471073, 0.12230643270138015, 0.12938198621853472, 0.11530701645523433, 0.11956237856584334, 0.1069171459462472, 0.12129615001472432, 0.09659125911403603, 0.09163898739936796, 0.15818453795320905, 0.09566652878136517, 0.15381570568438271, 0.15546179871668964, 0.13293659585337195, 0.16291219572039933, 0.09334541575935905, 0.0], [0.16865570436669214], [0.10932647884857741, 0.16041432596803762, 0.13770809522131663, 0.14459008448595576, 0.1907996703085136, 0.18044407122472264, 0.12665801173087546, 0.1375111672884543, 0.0953467820939549, 0.10527576644636175, 0.11293004094524452, 0.1731459773124889, 0.12737947393302948, 0.16080385055987362, 0.13475431569235388, 0.15055646600568173, 0.17868895354142567, 0.12651662769396607, 0.1722767637986006, 0.1359497711667564, 0.10380895985946662, 0.16846149203656838, 0.19313215004990925, 0.07184846211565503], [0.11232530059391477, 0.08274073475594444, 0.09545313420415216, 0.12086684257390358, 0.09517731883125671, 0.15746390109586939, 0.1120562669813933, 0.10143010774137103, 0.14431950332457338, 0.11189223036218014, 0.11998107162900006, 0.17319076446699588, 0.1462086831493219, 0.1114110309857983, 0.13481112153728098, 0.13113965277553077, 0.1389480400127056, 0.14294961823613625, 0.12781046585220657, 0.09400142965766532, 0.1742713171011674, 0.12064008259183967, 0.17502189554657951]]

h_compacity_averaged
[6, 20, 2, 25, 24]

====================== h_instantaneous ======================

profil_density_instantaneous
[[0.33154982184793774, 0.25652929196906304, 0.6519783866248863, 0.2430623395540202, 0.0], [1.6473719170287946, 1.5993285367545176, 1.6789054567485977, 1.538298477366378, 1.6291804009439828, 1.3369382025695795, 1.5802785135943929, 1.5785890652898156, 1.449180425722665, 1.2363633362433935, 1.0298838992001087, 1.9723691427751628, 1.1366895864311681, 1.6672577910040096, 1.2814901802053584, 0.9731304079350105, 1.2717334954159671, 0.3739870728383003, 0.0], [1.6928460326561028, 1.446197798276803, 1.7240178256056091, 1.2607812867922754, 1.1703035521860836, 1.309652896339845, 1.4837501936636837, 1.2382973036670424, 1.418435169150384, 1.8622746836154915, 1.8805637662097539, 1.8432265801950878, 1.806718271599915, 1.2628304606953848, 1.5992553923370292, 2.115731539027458, 1.8711946718343597, 1.1750028245658701, 1.3520332009389486, 1.6269983178214011, 0.9490760400267215, 0.0], [1.3455854736951356, 1.6693672573801086, 1.580216806211874, 1.5997434472153398, 2.086489105590828, 1.1871069264259475, 1.460148710189039, 1.6867003904603899, 1.457625702528391, 1.1864578506998993, 1.2347087366304021, 2.164097312667833, 1.5355863858813537, 1.7307049922715267, 1.551669437358206, 1.7315170330914251, 2.0293678470991185, 1.6287100880828305, 1.520428973012014, 1.6848345123679804, 1.484795366488997, 1.8431035130657707, 0.24527498222267047, 0.0], [1.7606610323526184, 1.2245871061653588, 1.3394970273800977, 1.6725899170031837, 1.2385953158189589, 1.9377671773743377, 1.7449598280619183, 1.547011388938363, 1.9934466981004715, 1.6697945588866385, 1.3399966403821708, 1.960592529496118, 1.8453060247037845, 1.083218735768054, 1.5905996741390525, 1.4555426944328764, 1.7319840069684098, 1.683064008624837, 1.3461072177252893, 1.1404620614746919, 2.0398723977353383, 1.2012810968140522, 0.0]]

h_instantaneous
[6, 20, 23, 25, 24]

========================== h_time-averaged ==================

h_time_averaged
[2.8118811881188117, 19.326732673267326, 23.362745098039216, 24.603960396039604, 24.96039603960396]

h_time_average_std
[0.8755521176013522, 0.5285682302985798, 2.1818737031720277, 0.5280115495435004, 0.1950268871642793]