2d_sphere_flow_N-30000-e-0.5-mu-0.5-angle-20.hdf5

grain_size
0.001
hstep
0.0001
porosity
0.15
num_grains
30000
tank_width
117.3
x_position_from_gate
300
time simulation
[1.  1.5 2.  2.5 3. ]

=============Profil_compacity_100steps_averaged =============

profil_compacity_100steps_averaged
[[0.7273972383280704, 0.6668102139380088, 0.9267753373190042, 0.7620136845157592, 0.7027425129605446, 0.7564731737694143, 0.7962031786819268, 0.7542704434898886, 0.714135802935008, 0.9311049550914844, 0.705868940802501, 0.8253778409998159, 0.8302413458871647, 0.781871143748435, 0.7908121030707076, 0.8407562079445621, 0.7693968691459655, 0.8624197165832473, 0.7952200549720202, 0.705169887486671, 0.7779758970084699, 0.586146780788661, 0.2684794336669768, 0.0919471098875595, 0.0], [0.7011246048709494, 0.7973057327040606, 0.7618851714057983, 0.7398373730249078, 0.7149645965353522, 0.7994712337784565, 0.6694340387475712, 0.7640483355028053, 0.822281658282225, 0.8348302878310846, 0.8176488878935297, 0.8486398570371932, 0.6686618490723842, 0.7759659406419406, 0.7706277581994891, 0.7235947683518901, 0.7432124127320399, 0.7801419917055213, 0.7972528954785899, 0.7243510579424327, 0.8024880634540615, 0.6962653775520692, 0.5535184994557095, 0.36061718267841014], [0.687793165436128], [0.7667775997898001, 0.6815121433721801, 0.7569617354088738, 0.7136634205279655, 0.8264720016905872, 0.7478156550612933, 0.7705833248021168, 0.6728752847837153, 0.6277391971371952, 0.6672678332496064, 0.8537868592084856, 0.9287756610852486, 0.7596294788177392, 0.7056157979512855, 0.8681513370604751, 0.7385631124443901, 0.762903525297213, 0.6548528671507927, 0.7095003008442405, 0.8119270502640216, 0.6524669344447754, 0.7123267475634161, 0.5960729828662589, 0.0], [0.7769263083353122, 0.747281666325006, 0.7641083561579336, 0.7791479901993771, 0.6483892120346331, 0.7213843036159089, 0.8941510211005302, 0.8163694288315061, 0.8882293393152816, 0.7919462112457603, 0.7744600186224324, 0.6178886443612708, 0.9237414402530053, 0.8823258075905641, 0.8740005405457313, 0.7084629576326352, 0.8891073104560526, 1.0156500100178811, 0.7801184695240445, 0.854736756978284, 0.7261429386843391, 0.7205507057487958, 0.3025370319039559]]

profil_compacity_100steps_std_all
[[0.13981555328104467, 0.13302047979059853, 0.18153379966647737, 0.1542845149845086, 0.24953250413813916, 0.13216805617300856, 0.11584824315580074, 0.11354721015615028, 0.10773575741019734, 0.15976237073777988, 0.14040568379378324, 0.12068435232796171, 0.09348197622480056, 0.11274693153334506, 0.11280788530365359, 0.12022523541867372, 0.15402062459798377, 0.145359660173584, 0.1716922637677097, 0.17103320937120917, 0.1356323895287364, 0.2849473184937041, 0.264535962716603, 0.08738074455050332, 0.0], [0.12851606806071655, 0.09067480165051475, 0.06875906693064035, 0.10079940550249615, 0.08040867752787195, 0.12389226510139704, 0.09148133761041566, 0.12969276319363218, 0.11800995277184351, 0.11545038758693386, 0.13866457492063491, 0.12408708979941083, 0.11175545513277878, 0.10842070959285278, 0.1794817934841659, 0.2500028633408788, 0.13584186273871743, 0.14634518572731461, 0.10825910756659686, 0.11167062396751057, 0.13435261036042004, 0.09305178263474363, 0.09543249516029033, 0.21846258004134142], [0.10435135214919654], [0.09322030526922133, 0.09710370146191126, 0.09804800571599698, 0.10013685339837892, 0.1414978615512709, 0.13223255537537332, 0.1086519266619453, 0.08643308406285548, 0.09581367414560116, 0.22093098068458217, 0.14230502886399304, 0.1401386012861086, 0.13184241267455823, 0.09949215727298161, 0.14581030097135875, 0.12334456925640509, 0.15354391638083867, 0.15108940935206175, 0.14929729421686977, 0.11041915084169966, 0.08510853356754759, 0.13198004124721907, 0.178813614055774, 0.0], [0.10068997645605442, 0.09028249498312953, 0.09117551480817485, 0.10439397779484345, 0.08264477601686794, 0.11705414757899571, 0.11373643425188878, 0.16881414850999024, 0.12248046524161862, 0.1409599149095823, 0.13517256116161652, 0.10490803039862709, 0.11125272357327834, 0.1287520041225997, 0.14550380702777022, 0.16257622623005735, 0.11777368792516092, 0.15359622682375854, 0.13471749681542758, 0.10322857897408191, 0.10507936477678752, 0.15869211322384238, 0.2079119477811593]]

h_compacity_averaged
[26, 25, 2, 25, 24]

====================== h_instantaneous ======================

profil_density_instantaneous
[[1.7017540144844565, 1.4160747050423947, 1.6145707564135185, 1.7951557746269038, 1.773780720386956, 1.8139366447756955, 1.2121864632109167, 1.4750791203493818, 1.544198249062144, 1.9297649259704888, 1.7678155539208138, 1.6529545292007337, 1.2363133202510466, 1.1307305735126765, 1.6597503560313471, 1.46153053715221, 1.6013545858079288, 1.665699516890249, 1.6767590541528241, 1.9212817630311356, 0.835741469183652, 1.7485234392278413, 1.145288365591696, 0.33769665813249133, 0.0], [1.6562840508929193, 1.5736931114290045, 1.1283734996118069, 1.5176953731543077, 1.3428918604427245, 1.4388128729634262, 1.3613460109776405, 1.6822400735485072, 1.6156532361077762, 1.6691172412279656, 1.7425477425193754, 1.23083807665453, 1.4518475141416463, 1.3303457201833917, 1.4932710589302975, 1.7081327579446337, 1.4438253081135224, 1.517930536552153, 1.1800686175164499, 1.277188683660384, 1.8213717185721159, 1.1284987604719547, 1.0049555542314195, 0.0], [1.3454529204283885, 1.7397658443782735, 1.5269837131402528, 2.0515607998962366, 1.515765153187472, 1.5212223075633566, 1.221454983993625, 1.6123308043008988, 1.508358534942075, 1.504008082770633, 2.484057942612454, 1.557627653222826, 1.5441436055747726, 0.9229769480813117, 1.720809743162148, 1.3192679293059468, 1.281797089807272, 1.3953426259960529, 1.8140650102628906, 0.806159109303504, 1.5215404596764526, 1.509018205340307, 1.82821771969726, 0.6935050272689761, 0.0], [1.283203477582339, 1.1847493302203733, 1.2571690666865196, 1.4672610683583331, 1.6131109522550382, 1.6626745054215673, 1.4495872778350585, 1.0343306315344485, 1.2836722332115156, 1.5168060520634252, 1.6665096459514457, 1.562758097252565, 1.3581087958508289, 1.2664166444278084, 1.7786784183568003, 1.2814048210280735, 1.6329688965692328, 1.7447282524167556, 1.434898211499475, 1.2951167252140374, 1.1460767772677423, 1.2484514475173245, 0.8990501604900434, 0.0], [1.66150919702947, 1.1955770190468515, 1.5116544964146623, 1.3080141246587231, 1.0538754649947746, 1.7595857686180625, 1.7266632527652739, 1.4644529397628252, 1.6697670471169397, 1.5764485826588803, 1.720671219797468, 1.3603235772029827, 1.3711964958928038, 1.77970307611115, 1.7535374919165685, 1.7786400322459979, 1.0499518515743265, 2.0088785166958205, 1.7560017830234724, 1.4851712539103543, 1.518577844248535, 1.2573302293031343, 0.0]]

h_instantaneous
[26, 25, 26, 25, 24]

========================== h_time-averaged ==================

h_time_averaged
[25.019801980198018, 25.821782178217823, 25.568627450980394, 25.0, 24.77227722772277]

h_time_average_std
[1.1343441252333986, 0.38269600178391466, 2.3784564277813223, 0.0, 0.4193627442484628]