2d_sphere_flow_N-30000-e-0.5-mu-0.5-angle-20.hdf5

grain_size
0.001
hstep
0.0001
porosity
0.15
num_grains
30000
tank_width
117.3
x_position_from_gate
700
time simulation
[1.  1.5 2.  2.5 3. ]

=============Profil_compacity_100steps_averaged =============

profil_compacity_100steps_averaged
[[0.6434995865132088, 0.6610349707648242, 0.4323273375895741, 0.7830402516166349, 0.5927047268849712, 0.6533856813828004, 0.5469407558768472, 0.4699866964918279, 0.44597581841646017, 0.05803403270107522], [0.827458094504728, 0.7856316819632377, 0.6621211753657631, 0.8177102178549439, 0.7659832638276841, 0.7290933126780338, 0.6507844601945719, 0.7719268748936697, 1.064668446903871, 0.757459613607882, 0.852536280634259, 0.8239656187103092, 0.7538234054413668, 0.825877848147926, 0.7305899462694387, 0.8052915055685981, 0.7126778548688593, 0.2814423385822389, 0.0], [0.8652567292790503], [0.7929818001540131, 0.7437183112478072, 0.7588677912903795, 0.7539082435926016, 0.7900358532878129, 0.8839441814547627, 0.7424097789248151, 0.7057786362328627, 0.6867508061585033, 0.6885717804506796, 0.7056803310981781, 0.7431570841100904, 0.8813730091755406, 0.7015084833878313, 0.858809153410573, 0.775208752472063, 0.8560196720423789, 0.8068465915222661, 0.7143786622595155, 0.7512972726919834, 0.5649621563083147, 0.3569331010258702, 0.10042835003825905, 0.0], [0.7279025085187373, 0.721777871236696, 0.746162699291601, 0.8635106872663305, 0.8466747106686985, 0.7373238073135703, 0.8378212217535531, 0.7862634294207081, 0.8231058791716587, 0.8818882921724938, 0.5750267885381444, 0.9056960005841705, 0.630837748512177, 0.6869606336831886, 0.7352395564677693, 0.816455350170126, 0.8950708466167695, 0.6942393592859464, 0.9409769722360295, 0.702744257312102, 0.7778767049203785, 0.6392164076174998, 0.5189941514335742, 0.14797481881382613, 0.0]]

profil_compacity_100steps_std_all
[[0.09863264193149368, 0.08837117672740273, 0.1906200095777668, 0.20948153706745024, 0.12366014846652432, 0.2506194785430916, 0.25340452473378466, 0.12554901275815505, 0.16514635051937357, 0.06473967378608135], [0.12197542663305382, 0.11828661417132474, 0.11432172368871549, 0.1239087179427897, 0.13324775116514617, 0.12159740334047513, 0.12632197751037663, 0.1378023359475505, 0.21948917862547498, 0.14429459774533693, 0.11560305023152147, 0.10932176033693243, 0.1428729241352623, 0.11644122181809294, 0.1481638787777953, 0.10447772561745931, 0.11139624169747293, 0.09906763186458864, 0.0], [0.12441524366857577], [0.11003307187340905, 0.1095381583155514, 0.10423283283682953, 0.11320097572284842, 0.10751684466457949, 0.09480542514467008, 0.12436010997490901, 0.15661832805329112, 0.11961903176949869, 0.13007572005209572, 0.1377921462954025, 0.1575510465557794, 0.20256810745732745, 0.14557552510182484, 0.13872295049532718, 0.14535593377313216, 0.15356108092543175, 0.16064622279086377, 0.11002432224857789, 0.17253219614684184, 0.15305222522299855, 0.21422956640629903, 0.15414877359614312, 0.0], [0.11840435651168046, 0.16295238059404815, 0.08678529477793692, 0.15911656705741256, 0.26152389847884644, 0.09247472981030369, 0.14312772142129213, 0.13495509699133182, 0.1232525611756338, 0.13545549923760447, 0.11194646887880848, 0.16700936045928458, 0.1756162941369555, 0.08158363513193115, 0.1194796752150765, 0.1213350650438663, 0.12900330798482598, 0.1326646341789992, 0.12048189026146805, 0.13763081527042959, 0.1309972484722334, 0.14301447266904047, 0.13581868050305382, 0.18933629230881074, 0.0]]

h_compacity_averaged
[10, 20, 2, 25, 26]

====================== h_instantaneous ======================

profil_density_instantaneous
[[1.1312850734543909, 1.4695342841574819, 2.032369324024127, 1.1810134559808492, 1.3085938341432881, 1.9329580369878867, 1.0556446382850952, 0.26050832456927103, 0.0], [1.9175007828037098, 1.5916620288945307, 1.4388002190368814, 1.5171612322866412, 1.6313643490205498, 1.4486802016361544, 1.4062695820939972, 1.8080558604013781, 2.50692967745886, 1.2036929801139358, 1.6983931678988693, 1.7000439664456224, 1.6499603118384971, 1.4097525614684334, 1.6966436967041814, 1.4809871298653077, 1.1875365832352176, 0.7879327685392282, 0.0], [1.6217982063441514, 1.826538795049278, 1.5800170210386242, 1.3865211388821503, 1.6536258445075227, 1.5915293909535417, 1.3325183552107702, 1.868381347923023, 1.4483158686137583, 1.2793195671388713, 1.3114528917510846, 1.2014017703898645, 1.6534336852613607, 1.466977675881905, 1.685364958593903, 1.1989372600637411, 2.067490349653103, 1.09481998666757, 1.7438695397114763, 1.5778095721161511, 1.8074549549380106, 0.8077604251857466, 0.0], [1.647620901594966, 1.5420621766339386, 1.4863875633728225, 1.520256927009525, 1.594822003693805, 1.2379048059418762, 1.4632092918865878, 1.1895684510691145, 1.4615718956908144, 1.0614278991632953, 1.6413188616109804, 1.637541031346586, 2.064680272249804, 1.834151330681283, 1.6635411390785337, 1.8687458665975285, 1.371046035369572, 1.274293429008338, 1.3210328519518144, 1.8376882101970067, 1.4003570929469018, 1.406460832117276, 0.6980809964642277, 0.0], [1.399267064092151, 1.6703563579765057, 1.4793641932911676, 1.6609822584408858, 2.086813156604756, 1.2341438086873717, 1.59883699446548, 1.6060617886561643, 1.3134364794591697, 1.9975168149266138, 0.9521236733907642, 2.0400143301246656, 1.7626077790552293, 1.1774201879195636, 1.324201765800574, 1.7849403679656173, 1.6993657748743858, 1.3429550561708696, 1.8219381908914143, 1.6701027992215558, 1.2537206123896447, 1.5503261780643223, 1.368684544890494, 1.0143876770520615, 0.0]]

h_instantaneous
[10, 20, 24, 25, 26]

========================== h_time-averaged ==================

h_time_averaged
[9.396039603960396, 19.95049504950495, 23.784313725490197, 24.10891089108911, 25.495049504950494]

h_time_average_std
[1.8936015656733693, 0.21691982475452126, 2.167620232006467, 0.7432999754108299, 0.49997549199812263]