2d_sphere_flow_N-30000-e-0.5-mu-0.5-angle-20.hdf5

grain_size
0.001
hstep
0.0001
porosity
0.15
num_grains
30000
tank_width
117.3
x_position_from_gate
500
time simulation
[1.  1.5 2.  2.5 3. ]

=============Profil_compacity_100steps_averaged =============

profil_compacity_100steps_averaged
[[0.7833997511793159, 0.7785875179222014, 0.7515319972164898, 0.7746417822678118, 0.8144016748782068, 0.7322406086880002, 0.7149637386614981, 0.9041069886862229, 0.7141966149391922, 0.8253436451680031, 0.7713545044161385, 0.6959049849358677, 0.7639972094837453, 0.7099522798835326, 0.7124778581492216, 0.19475290811067408, 0.0], [0.7530176737845694, 0.8271107916991257, 0.7922025776220725, 0.8631153545908479, 0.8822712403184358, 0.7866748994065215, 0.819596678946431, 0.7392992164235322, 0.8685541486531464, 0.8250059926347275, 0.8641304984190008, 0.6839979528655609, 0.788709884657865, 0.7052300964928626, 0.7169170407510721, 0.8324439937438043, 0.8264082539181646, 0.8458868080304439, 0.7601829090498713, 0.6961294806418931, 0.7941174086713978, 0.5026865060246617, 0.0], [0.8908343095118945], [0.8067210522929591, 0.7208539361619498, 0.7452671118964286, 0.7570253293502067, 0.7912441142080391, 0.8230724963415159, 0.7725411956686965, 0.8500934938543631, 0.6794199085891082, 0.8156360194186483, 0.76838875834148, 0.7704309636159941, 0.7612614269333159, 0.7093366500051405, 0.7361306742990933, 0.789034791299554, 0.7078935980324639, 0.8235747058180614, 0.9619102824458072, 0.7171761552675634, 0.7948247359860388, 0.6544448824884243, 0.19589407992818408, 0.02453992036474175], [0.8469334563102178, 0.6976080080844413, 0.7016809281506919, 0.7810449851323151, 0.8560592415728092, 0.7734785468543722, 0.7711423511577571, 0.9087014097733003, 0.7264115771627755, 0.7550257899850497, 0.7364795041106895, 0.8144040078837308, 0.9827079682196996, 0.872706636768752, 0.70274052375088, 0.8276416823493152, 0.7801985384077307, 0.652112803660438, 0.7188548959155152, 0.7673680111951581, 0.7833436924253812, 0.7603740555814381, 0.7646530757271595, 0.523206668520858, 0.08803449678397261, 0.0]]

profil_compacity_100steps_std_all
[[0.12144314589651543, 0.1363878444749592, 0.1193956403722906, 0.0899270698439475, 0.1703031509388868, 0.15473821735119792, 0.11476748407626207, 0.17687853305739687, 0.1872065729581339, 0.1340310838368499, 0.11423962656171696, 0.1364816827992185, 0.13389178510933894, 0.13692276691347569, 0.12941907454485171, 0.0945117516983279, 0.0], [0.12205417553931219, 0.11163425150741804, 0.07815473133990897, 0.12718083894146537, 0.12697870923112253, 0.20167021732740253, 0.14742595282489673, 0.1126097147682975, 0.17497183336345457, 0.20400209381429954, 0.1402545343764394, 0.12325149218230738, 0.18002496855259056, 0.08835785357843991, 0.15730266098084056, 0.1173970797480926, 0.2213878185331293, 0.1183198742911513, 0.16810730147079675, 0.09172219524864914, 0.1465835640380378, 0.12678866420493212, 0.0], [0.13073264697836648], [0.09372007047498732, 0.12644237009549936, 0.12188921640852224, 0.10031670075546227, 0.12724091757602599, 0.1509852144575563, 0.10629184924138946, 0.14327873729368143, 0.21090211496270408, 0.10653355544898364, 0.12241575154902468, 0.07152875489933151, 0.07846416178857807, 0.11846740826802105, 0.15504774881995267, 0.11925330531540686, 0.11328736369566664, 0.10847224438706508, 0.28529704498225283, 0.11812597505232249, 0.14896745269517794, 0.12203820750188175, 0.14154549380533527, 0.06384734007632958], [0.08961744740906917, 0.11795849427768501, 0.10030734955990461, 0.10357501759011142, 0.10617328048856972, 0.14061467591008048, 0.13116853657542643, 0.1171250227150677, 0.171638996811202, 0.13693069293210244, 0.10510088439595874, 0.1020478111218366, 0.16574509396303821, 0.14708412541997268, 0.13877357826791287, 0.1314386016011743, 0.11147082297454582, 0.10484971088850552, 0.12353623193517595, 0.13181811569233015, 0.25702146369025025, 0.11352137417499102, 0.08579687109845688, 0.1500118321511988, 0.07823578834689826, 0.0]]

h_compacity_averaged
[18, 24, 2, 25, 27]

====================== h_instantaneous ======================

profil_density_instantaneous
[[1.6789248075479337, 1.6284507808560331, 1.4938657844314311, 1.3310048699845836, 1.9056656290735232, 1.3093355478856252, 1.298205291895366, 1.5604953381837998, 1.6954007923003869, 1.6446241845677756, 1.5222778582075174, 1.5078398258063828, 1.8168690309823445, 1.2986380220210005, 1.3809516876451715, 0.7360144867971402, 0.0], [1.5933615355373705, 1.67439815624641, 1.229164498574362, 1.7346392775444754, 1.697689930646973, 1.7450859752893875, 1.7716156913267824, 1.5620781324182542, 2.096289931878232, 2.1682419417631524, 1.5827920113742115, 1.1652223870385379, 1.8941279078809194, 0.8874413252493037, 1.8600408152964862, 1.5456052128327022, 1.518235979511289, 1.3533889848304161, 1.6946429173494448, 1.3182846171686922, 1.0744532046194988, 0.6512986418745051, 0.0], [1.6863186350179709, 0.9514683295509472, 1.556186996177934, 1.629306780843392, 1.4145988560317377, 1.1889228797538143, 1.1400848184755312, 0.9272995454245881, 1.9556100073823097, 1.6751721840382068, 1.7012180988104557, 1.352997236246392, 1.3571194984447958, 2.3680498501370475, 1.2100738939411455, 1.8093448865113304, 1.4708212984922302, 1.4067583650671855, 1.7639922807770183, 1.4399600488918616, 1.533057649864799, 1.6280554533942975, 0.7909110074790545, 0.80094086161028, 0.0], [1.514831250317413, 1.630026783717688, 1.731688862023935, 1.5880809102082734, 1.5719853216876558, 1.6336186976162772, 0.9646471931967122, 1.3201729510342624, 2.109034006613908, 1.7085285143710902, 1.584868898280571, 1.2547140795829599, 1.2031663016692422, 1.4952979923069407, 1.7475163492490189, 1.4631375475263806, 1.5168132353837684, 1.5479812974110967, 2.1521961290542007, 1.4310473678600668, 1.9752354103484953, 0.33723716932841996, 0.2569034397248314, 0.0], [1.5969937538620114, 1.4979052935543697, 1.4513302039119225, 1.5659019949675312, 1.574714648468664, 1.5410613320684952, 1.686615153312854, 1.4209052490195584, 1.7885316326606673, 1.5537389429262884, 1.3872563356603114, 1.200113062733749, 1.8031874473384006, 1.9378178842073286, 1.624030963050841, 1.8260515054110997, 1.300352868427093, 1.3657038383291549, 1.1996994043188782, 1.6494344095648164, 2.3566049734741608, 1.2720381827692164, 1.1647857294660895, 0.8287986525486177, 0.32078223555946817, 0.0]]

h_instantaneous
[18, 24, 26, 25, 27]

========================== h_time-averaged ==================

h_time_averaged
[17.96039603960396, 24.0, 25.215686274509803, 24.861386138613863, 26.15841584158416]

h_time_average_std
[0.1950268871642793, 0.0, 2.3623992912672995, 0.6138613861386137, 0.36513047355615397]