2d_sphere_flow_N-30000-e-0.5-mu-0.5-angle-20.hdf5

grain_size
0.001
hstep
0.0001
porosity
0.15
num_grains
30000
tank_width
117.3
x_position_from_gate
600
time simulation
[1.  1.5 2.  2.5 3. ]

=============Profil_compacity_100steps_averaged =============

profil_compacity_100steps_averaged
[[0.7768263285428876, 0.8080088286451912, 0.8099881758083728, 0.8165339037640064, 0.6842775747105323, 0.7463839979854515, 0.7249877494284994, 0.7233080285296631, 0.655588524686208, 0.639543878377343, 0.7009690147352828, 0.8393632158791177, 0.3946432175897394, 0.0], [0.6824156009136271, 0.986845552574634, 0.7531865951042129, 0.76523952297408, 0.8623431200287068, 0.8969715203467956, 0.824302013405856, 0.9148713929108584, 0.8828302579319643, 0.8162704126969548, 0.7119532744427979, 0.8608856674465338, 0.7474047916614919, 0.7927952469791196, 0.7180946635209782, 0.8545299401783236, 0.8630900749353888, 0.7590854030782025, 0.8549582755093927, 0.6940222377544271, 0.4448492505104242, 0.10659929848893719], [0.7114848296044007], [0.8125174869094277, 0.7453122850443286, 0.7741275073166056, 0.7130984359532555, 0.866713019659795, 1.0225250212857095, 0.7463666068358354, 0.6363436201591985, 0.774692377484635, 0.8087225709712165, 0.7547719002984732, 0.8150073384597828, 0.724157039511051, 1.0755127795616506, 0.7255693862780699, 0.8223444653409647, 0.9523171955816702, 0.8252837571297886, 0.7710590709645551, 0.7474358528346362, 0.7951893863205952, 0.7631357703600858, 0.789631474094475, 0.371469310182664, 0.0], [0.8766681496256419, 0.7568636874096124, 0.7971697993014079, 0.7044394028143974, 0.7183532081111701, 0.7058927590533205, 0.7132952086573087, 0.7859963898931529, 0.7649280381834002, 0.7417204471145405, 0.7765891556938747, 0.9826317255420927, 0.9102387499199462, 0.7836430868635199, 0.6896134797728254, 0.8937188890501135, 0.6442219629417264, 0.7740739264280723, 0.8087155704989518, 0.7856964224306646, 0.741360007422696, 0.8787371030567078, 0.6033457602262791, 0.5280755091781568, 0.0]]

profil_compacity_100steps_std_all
[[0.1308593880563072, 0.10073394427095847, 0.11393333555217744, 0.12270387507994107, 0.13440988018110586, 0.10851274143855213, 0.17397060087647634, 0.09876034095800565, 0.11789020287394975, 0.11439050226897546, 0.1103803442901268, 0.1548863974267034, 0.16698326063444693, 0.0], [0.1089406697472696, 0.15227693203148268, 0.12080798345959502, 0.10144545431475269, 0.10177086435878221, 0.1303524377826424, 0.14928325457526323, 0.1532351175846388, 0.26861096494465453, 0.13760479518434934, 0.21480793781939397, 0.20751061656392328, 0.18237068301876078, 0.13957167941719945, 0.10938141842441744, 0.14133690053040718, 0.18541520840156978, 0.13651340512988852, 0.14881562458546985, 0.13678912140901878, 0.11129281152921662, 0.0994503682842999], [0.14390653767001244], [0.10480502516505445, 0.09185943275422105, 0.1214956269186942, 0.10946466521689266, 0.23924917215081828, 0.1860385530020577, 0.09254288078456248, 0.0796323670330497, 0.11799518522283502, 0.11964766564817189, 0.08629136533110358, 0.09002987467412471, 0.10685212496437509, 0.1603984837722781, 0.09262997504449717, 0.1166471488384383, 0.1270319054758007, 0.1043269949442536, 0.14974740880172302, 0.17482775592568267, 0.14687049092261284, 0.15893464033808657, 0.12657620267365693, 0.1300498206442943, 0.0], [0.10810987252160377, 0.08885380814062194, 0.11981109048396196, 0.11826901375027869, 0.12805496787986312, 0.13988662984693442, 0.1495375959850023, 0.19074620623710117, 0.11964684669957588, 0.17547924498326, 0.14855440256582153, 0.1570216598968741, 0.16548832767824034, 0.11255931968279888, 0.10238192798463402, 0.25973529828539293, 0.13263957699260248, 0.10875344697073121, 0.14301590100857162, 0.12263281741801986, 0.10444821431199441, 0.12469934285641673, 0.17039662596726912, 0.17043258792428032, 0.0]]

h_compacity_averaged
[15, 23, 2, 26, 26]

====================== h_instantaneous ======================

profil_density_instantaneous
[[1.6853333310741958, 1.5064852980545427, 1.626779186161366, 1.7534407964108818, 1.543713611297481, 1.440727581077546, 1.75999801517006, 1.1858814442830359, 1.40053777667771, 1.2327262733989088, 1.1350726311477692, 1.6490290564380838, 0.3361484895916793, 0.0], [1.370476170395172, 2.022786336555678, 1.5357319503652012, 1.5816648058274478, 1.5933513039714695, 1.572350910090081, 1.797084167333568, 1.6482631134630141, 2.7974493893047176, 1.598136364412491, 1.8569860617216811, 1.0623130290079363, 1.8052721757464973, 1.7969826778229638, 1.209953168708389, 1.7684036030310202, 1.8097038280320186, 1.83133909008659, 1.735139285557783, 1.399754851256453, 0.5613218803217903, 0.0], [1.8157108579933712, 1.5352677517374174, 1.9118125487888404, 1.5435898322818669, 1.2643893167316347, 1.7177014026252653, 2.0122143282495975, 1.4710406538318395, 1.3679891318949282, 1.487760572070785, 1.6051436532432644, 1.687147463107562, 2.335847632140319, 2.114701250787343, 1.617147096023872, 1.0032885916644017, 1.4438920596399958, 1.8090495015021626, 1.5975393729817553, 1.5356728140821017, 1.2200148045288666, 1.619674192447407, 0.295187596334944, 0.0], [1.6446802940304273, 1.4746471504146652, 1.656635380358646, 1.481602037799207, 2.3140543886550247, 1.5551117186697025, 1.472146634076737, 1.2922515222166133, 1.6321405644610296, 1.6270165067458051, 1.493343891433719, 1.5253771838045251, 1.5378675927572338, 1.9424021174270545, 1.3660145299095856, 1.7259829592802165, 1.8492814156644986, 1.2018620950343173, 1.3566438756704404, 2.05252779263118, 1.7831749862278043, 1.7201627277181355, 1.2977041049100473, 1.0205383248044613, 0.0], [1.7048234249153433, 1.3465685140200958, 1.6419664200666082, 1.591538713137307, 1.588083326507052, 1.3247816952455542, 1.2789979984407387, 2.017998798391277, 1.4994042181197407, 1.7287120209186921, 1.5745034959465936, 1.3917560420409298, 1.6049155615979704, 1.1605904993418499, 1.167105040816284, 2.8517470061727597, 1.5497602410368367, 1.4729368271322014, 1.5876483465960713, 1.3792225342571973, 1.4349914191212874, 1.6116644977608547, 1.5461796844904854, 1.5834641737828072, 0.0]]

h_instantaneous
[15, 23, 25, 26, 26]

========================== h_time-averaged ==================

h_time_averaged
[15.0, 23.534653465346533, 24.774509803921568, 26.0, 26.0]

h_time_average_std
[0.0, 0.4987976917944555, 2.4209334723108076, 0.0, 0.0]