2d_sphere_flow_N-30000-e-0.5-mu-0.5-angle-20.hdf5

num_grains
30000
tank_width
117.3
x_position_from_gate
300.0
time simulation
[1.0, 1.5, 2.0, 2.5, 3.0]

h_time_averaged
[25.019801980198018, 25.821782178217823, 25.568627450980394, 25.0, 24.77227722772277]
h_instantaneous
[26.0, 25.0, 26.0, 25.0, 24.0]

 h1_time_averaged_ratio
[0, 1, 2, 3, 4, 5, 6, 7, 8, 9, 10, 11, 12, 13, 14, 15, 16, 17, 18, 19, 20, 21, 22, 23, 24, 25]
h1_ratio
[0, 1, 2, 3, 4, 5, 6, 7, 8, 9, 10, 11, 12, 13, 14, 15, 16, 17, 18, 19, 20, 21, 22, 23, 24, 25, 26]

=====  Profil_vitesse_Vx time-averaged ========

Vx_profil_100steps_averaged
[[0.08722552310878245, 0.23176381124042147, 0.2786909230385382, 0.3330544657745293, 0.38357276422861025, 0.4117368445315477, 0.4320645015821992, 0.45960504813949665, 0.4985400615598108, 0.5595684897486526, 0.60476775004694, 0.6462736469022583, 0.67276695572307, 0.7193575810425014, 0.7571168184715978, 0.8093567785060052, 0.8346947202616175, 0.8540246202017214, 0.871428304304356, 0.886639405347895, 0.9071559418447734, 0.9154597186412751, 0.8904864425509678, 0.5532961010047704, 0.4876423537141026, 0.0], [0.08904233733335082, 0.1888850986662478, 0.2511909221732381, 0.270522408320172, 0.3345511496583424, 0.417823494675726, 0.4501897636173976, 0.49283578869434863, 0.5213747782036415, 0.5324803880634087, 0.5644572728832957, 0.5986745287581245, 0.6137985019517661, 0.6334193093056726, 0.6509196767515868, 0.668672436437816, 0.6936139622623865, 0.7012413859072297, 0.7211142492766428, 0.7463699043682306, 0.757041883350599, 0.7753131160458997, 0.8063059728826234, 0.8165670269393293, 0.6727405815529746, 0.10191234680685667], [0.10878770423922202, 0.1770757119372195, 0.20605808476753093, 0.2710132454442822, 0.3077289781407092, 0.3237758644989559, 0.3766741649533798, 0.4229418769137921, 0.45364511121137463, 0.4813503366906325, 0.5282879631503735, 0.5515476643176529, 0.5818278118522784, 0.5982231510036132, 0.6267981711458537, 0.6252323705776065, 0.6314075715401593, 0.646093388336806, 0.6770742986600531, 0.6916756451811668, 0.717703792988475, 0.7576182259453668, 0.7668316542385729, 0.7733025921061703, 0.7871514289012921, 0.0], [0.06003139715939691, 0.16254988477224172, 0.25940990068461045, 0.26953164542665575, 0.2894777936104796, 0.3513693552542113, 0.380336352931981, 0.4201611164428613, 0.48698292958362666, 0.5072945729340658, 0.5142461575690669, 0.5542423224685216, 0.606965763637869, 0.6292556992978321, 0.6615936466962983, 0.690359281018229, 0.7066193820619742, 0.7149145914200397, 0.7279655487570289, 0.7346017772608464, 0.7462593104776376, 0.7642510404976288, 0.7684468813363474, 0.7763990541102469, 0.0, 0.0], [0.05132523931078508, 0.131509070168134, 0.19753410517800563, 0.24627731900797423, 0.3130503465043436, 0.3721918891660451, 0.4075073728712872, 0.4333758499165965, 0.4704259959040302, 0.5000511643615099, 0.5258437987798118, 0.5495341378014044, 0.5890002610659836, 0.6048240205930798, 0.6219493069454991, 0.6364781829502604, 0.6519987934591747, 0.6750614978987785, 0.6869734742462631, 0.6950311302548589, 0.7111936957135847, 0.7212476370537063, 0.7412000398178361, 0.5374564979926194, 0.0, 0.0]]

Vx_profil_100steps_averaged_std
[[0.020135819213025336, 0.0432890902985002, 0.0545521609641694, 0.045276739615418005, 0.046879741277914, 0.039802641425375714, 0.04454041723494453, 0.059944601100877314, 0.05391043101005244, 0.058546030622339366, 0.06412503771258198, 0.07403476162859775, 0.0772770769087752, 0.08212186355843873, 0.08083559524881244, 0.07710255118383168, 0.07810632979683411, 0.08044633205686945, 0.08682996272647354, 0.08442072554565298, 0.08723463691263206, 0.0912676500530962, 0.18060002498601357, 0.4570555518016811, 0.4637830264801251, 0.0], [0.03721792390371413, 0.029220441271005156, 0.027306167129645245, 0.048510612905974686, 0.050565375946403694, 0.04322939575978919, 0.043285014019142476, 0.04598232996782689, 0.05050383521262524, 0.05111565856929878, 0.0573984765808268, 0.054747526350896906, 0.057503223359911114, 0.06117152941898677, 0.06364179484933073, 0.06387055394946989, 0.06638851392290733, 0.0649859587271612, 0.07014234609149303, 0.0718452812671072, 0.07479553110919153, 0.07931287271217095, 0.07905258499929513, 0.08190153581420759, 0.3134966629969262, 0.277543844918303], [0.028165077031880082, 0.036734631695473814, 0.03815374169907956, 0.055817628873301, 0.05776282446423835, 0.062479364587885014, 0.06017715983605624, 0.06562040682614326, 0.06628242712385575, 0.07230499895697565, 0.07494973773661383, 0.08189889257112377, 0.08304979640197863, 0.08572601751123254, 0.0863888294370206, 0.08990159144177143, 0.08855365912998207, 0.09220909227680374, 0.09627828378175897, 0.09790888711199822, 0.10175518355179264, 0.10621088953549664, 0.10903584773961096, 0.10901737267438019, 0.11075856539586933, 0.0], [0.03794103726467252, 0.04914019103035499, 0.05247342335795631, 0.035384097610603564, 0.04676792488594158, 0.04851248222490384, 0.045039610318528024, 0.04486858274888344, 0.04770376676066661, 0.048490240669681245, 0.047895198719879045, 0.05240792827790869, 0.0642625995185031, 0.05673543879878879, 0.06510866708198759, 0.06740131126526311, 0.06689205439131607, 0.07172753274504644, 0.07332667936860802, 0.07214680479989105, 0.07192530809565509, 0.07342232753558374, 0.07220697386499458, 0.07681989258617826, 0.0, 0.0], [0.03745605363548965, 0.061355729906472416, 0.049100609860042284, 0.046986936857047766, 0.055714886476271985, 0.038185784107217464, 0.03781785064212285, 0.0433776327491559, 0.053771104490522706, 0.05710372937617099, 0.05714398414038423, 0.0622002500726553, 0.068763613593753, 0.06761094458053803, 0.06868677667485819, 0.06608978682767344, 0.06747331441564969, 0.06985039231705517, 0.06957127555209025, 0.0702446698662356, 0.0712136320131806, 0.06979604321711184, 0.075494912623348, 0.29202523399759545, 0.0, 0.0]]

flow_rate time averaged
[0.014517537603664145, 0.013974607771129117, 0.01287265019502283, 0.012291601351355479, 0.011501044992025075]

integration of Vx/h_time_averaged
[23.191306911862053, 20.958837995127087, 19.690336457228334, 19.666562162168763, 18.741547124194778]

=======  Profil_vitesse_Vx instantaneous =======
[[0.17904946804046631, 0.49656057059764863, 0.47456529587507246, 0.7303877174854279, 0.7486263676123186, 0.7720124992457303, 0.8498548964659373, 0.9130162000656128, 0.9330946981906891, 1.1055929064750671, 1.2225388387839, 1.3626358183947476, 1.4101145029067994, 1.5148700028657913, 1.5567650645971298, 1.5734691619873047, 1.5917847871780395, 1.6519408226013184, 1.7378684043884278, 1.7230963468551637, 1.7619990209738414, 1.8159465591112773, 1.8132917761802674, 1.8135127127170563, 1.8087599873542786, 0, 0], [0.1809815764427185, 0.38847419023513796, 0.4970862179994583, 0.6322774142026901, 0.7139400482177735, 0.7197475969791413, 0.8059929981827736, 0.8975681304931641, 0.9917580187320709, 1.0117305219173431, 1.0604202270507812, 1.1188900589942932, 1.1790508362982008, 1.2271814346313477, 1.2739769220352173, 1.2907804489135741, 1.328824520111084, 1.342746412754059, 1.4122965574264525, 1.4588114470243454, 1.4874364882707596, 1.5598989526430767, 1.5846492052078247, 1.6281858682632446, 0, 0, 0], [0.19801857471466064, 0.304242305457592, 0.2930902034044266, 0.6141259610652924, 0.6755891392628351, 0.7239717364311218, 0.7972845792770386, 0.8344298899173737, 0.8989138841629029, 0.9713872790336608, 1.0259062886238097, 1.0707500576972961, 1.1227167248725891, 1.1884999394416809, 1.2100870211919148, 1.2768881797790528, 1.2584322094917297, 1.3084071344799466, 1.3673821356561449, 1.3765544891357422, 1.4039145112037659, 1.5044893741607666, 1.5526898384094239, 1.5514744917551677, 1.5524676442146301, 0, 0], [0.2769039049744606, 0.39041437208652496, 0.4291681796312332, 0.5627897754311562, 0.5778658092021942, 0.6742351717419095, 0.7987974405288696, 0.8422649323940277, 0.9341514110565186, 0.9328921735286713, 0.9042045399546623, 1.0251515328884124, 1.2192646622657777, 1.1496466517448425, 1.264360636472702, 1.2712916135787964, 1.3526537656784057, 1.4179090023040772, 1.4431047493761235, 1.4505459070205688, 1.4591071754693985, 1.4873039424419403, 1.4657233506441116, 1.5345056056976318, 0, 0, 0], [0.1910841092467308, 0.4062085270881653, 0.4870102256536484, 0.5364829778671265, 0.55276008695364, 0.6733487844467163, 0.7333345860242844, 0.824500173330307, 0.963741160929203, 1.0330785393714905, 1.0821896076202393, 1.1437188549475237, 1.2430007755756378, 1.2602608501911163, 1.2871244874867527, 1.2830710212389629, 1.315804700056712, 1.3697323203086853, 1.368446382192465, 1.3840886950492859, 1.4082903027534486, 1.4155763008377769, 1.4873076528310776, 0, 0, 0, 0]]

flow_rate_instantaneous
[0.03039241537409934, 0.023882135271320864, 0.025115724200513136, 0.023022459542697243, 0.020844587664000883]

integration of Vx/h_instantaeous
[44.95919434038363, 38.211416434113374, 37.15343816643955, 36.83593526831558, 36.18852025000153]

=====  Profil_vitesse_Vy time-averaged ========

Vy_profil_100steps_averaged
[[-0.0038503792273403815, -0.004624560605322523, 0.015609047487481256, 0.019536789349741596, 0.02758049048665863, 0.02990000246792158, 0.018701217041653517, 0.012797207544664273, 0.014630128148034747, 0.013341825439405656, 0.01365874452128015, 0.012340652767014152, 0.006604596264094161, 0.0008202615707216075, -0.004909222021770409, -0.001604664944989354, -0.014368600439443656, -0.02420763375440337, -0.01791760123168161, -0.01631633892827457, -0.01353931078052789, -0.026982549068723247, -0.01856561112728603, -0.0019241786293155718, 0.010975972414886957, 0.0], [-0.00799997531022821, -0.015839007785278695, -0.014299514612539138, -0.0069870480473843725, -0.013427060129037952, -0.015245721076242042, -0.005415879086793591, -0.002486764693731848, 0.0020365893917151327, -0.0038091272609350768, -0.0005427465068327, -0.009681559615967705, -0.008294336193591873, -0.0036063111154758776, -0.004218577360206056, -0.006968052799801233, -0.005529742387284604, 0.005006066838442849, -0.0022343498748602655, -0.009636195292772237, -0.0169699113696726, -0.01117989636151369, -0.027623746121636893, -0.019946152332926036, -0.005093738752638763, 3.480573520778983e-05], [0.0036618599996561933, 0.0032091237335360088, 0.004514523280573675, 0.009087045225116965, 0.0030808312797605975, -0.000909262181161157, 0.00023860622156396955, 0.0014484547030412193, 0.005087974200865406, 0.004360751630778935, 0.010531107180273178, 0.014665496396755143, 0.0151071317214744, 0.005586538581049955, 0.002449242613499272, 0.006000586083273507, 0.007848315839780054, 0.0014028223783350486, 3.1309447409082576e-05, 0.0029626712485551726, 0.002677347822611493, -0.0005470521695826467, 0.0031803690901122165, 0.003825408154539851, 0.006060952396783368, 0.0], [0.009108261368150988, 0.002520405781042697, -0.0019202127949929579, 0.0039001631337254867, 0.0008863228012457268, 0.003576458643470282, -0.0035642418079846624, -0.006325585754549249, -0.007779163729582709, -0.008037275404060564, -0.010617433639502396, -0.006061057140353266, -0.002711813924778251, -0.0051121876826346006, -0.004363537312999349, -0.008768427067536366, -0.008898887123006906, -0.0030929046924241797, 0.00595195269517647, -0.004840914655127707, -0.0017217683044247266, 0.0015664345053556811, -0.008690211502374104, -0.00794285773692488, 0.0, 0.0], [0.006864597106391783, 0.013836061069741843, 0.01721064694502995, 0.01624164013615768, 0.006279783890642507, 0.011653615647224592, 0.013083958468306194, 0.011967737863913966, 0.010782715390192762, -0.0017775053609079584, -0.0012551065994827716, -0.0016595615314938083, 0.0076502488505248165, 0.0017616488369337831, -0.001899306531884707, -0.004092928513612291, -0.0031445070845107378, -0.008781033739248828, -0.005316824639038557, -0.003915160784253512, 0.00010456502912906105, -0.006584814900545706, 0.0040773499760629415, -0.00817510753269876, 0.0, 0.0]]

Vy_profil_100steps_averaged_std
[[0.016930101300079145, 0.03436487479776395, 0.03484531525129129, 0.025592456453560248, 0.024709622066571544, 0.0332138305901645, 0.02204368131693245, 0.023834371533111784, 0.01793085127948424, 0.02142238508229595, 0.02270321755624385, 0.021353266551051926, 0.021885443027153957, 0.024819266434774903, 0.016364895680786886, 0.016286394699046088, 0.016302599491002295, 0.023248863973443376, 0.019323912532000026, 0.014201871160824626, 0.016407133034223854, 0.021620388125621278, 0.024650821019235325, 0.022038194963738024, 0.014755673948098527, 0.0], [0.021536213378076395, 0.0182515215851623, 0.02817201744547259, 0.02743027047974898, 0.016483507410196066, 0.019544294612801594, 0.016908959571778674, 0.014763438184326159, 0.020219284857307646, 0.018758008084623905, 0.01454878027848729, 0.014571941464571192, 0.015079966951929289, 0.02376357607486075, 0.0161020250857052, 0.02575723041115757, 0.031589095901062056, 0.03765361966533087, 0.02930178498159821, 0.027410844838361963, 0.034360143773371925, 0.032094761119115314, 0.023627407061562307, 0.025772279644316023, 0.018227820856057907, 0.0010617481147472167], [0.03297303389581188, 0.04030935658374598, 0.034178468169331414, 0.03481478886603939, 0.026696857063831878, 0.034213688092825024, 0.031160553024536356, 0.02033987598585406, 0.0192113614168155, 0.024279704066880698, 0.02474341457057486, 0.02716050217032963, 0.02402141387951581, 0.013883204210269456, 0.011307727947819568, 0.011398202862381475, 0.009091214329434407, 0.012925293158500377, 0.012784828595430307, 0.013551707641101644, 0.016968950136700828, 0.023823122607676495, 0.029974730090290575, 0.03755586204012799, 0.04131318709617971, 0.0], [0.015656159636876586, 0.021264705069831975, 0.03142626258580708, 0.03836300192779956, 0.03444537835186717, 0.034592808136649895, 0.029795738500120527, 0.0263146710942158, 0.029441322652615533, 0.03537632811207307, 0.03507066266258746, 0.032839219559109206, 0.026320675943920537, 0.03141775606210459, 0.021942316564129028, 0.012202238913879993, 0.010615967096019545, 0.00866882274235709, 0.014654718360540178, 0.00980734080095317, 0.014857874352263262, 0.020692636750390837, 0.01724797271839095, 0.01984312598241532, 0.0, 0.0], [0.019105122450264002, 0.025439479229560965, 0.034775961351131125, 0.03589466182408622, 0.04082438400284635, 0.04164623030248205, 0.03230151548447265, 0.03232470765628627, 0.02770262592658158, 0.021724310049196335, 0.026028391224473816, 0.02256797831697189, 0.02551065900645016, 0.016675603692145193, 0.013441767803373516, 0.015671892328068256, 0.014609755688409226, 0.01054181365268268, 0.010487858730339111, 0.012260896478459826, 0.013435582759678887, 0.007528192412904227, 0.015089841355245812, 0.026924999226627028, 0.0, 0.0]]

=======  Profil_vitesse_Vy instantaneous =======
[[0.002766554802656174, -0.07006671950221062, 0.006195732951164245, -0.048270626924932, -0.011608402837406506, -0.02713640763382004, 0.007421473420132922, -0.017350525362417102, 0.051654192712157966, -0.016847723978571594, -0.04261485021561384, -0.08540558573705229, -0.06171774106333032, -0.07460501394234598, -0.059205712750554085, -0.05635860394686461, -0.051838682405650614, -0.034365284536033866, -0.02829322952311486, -0.05947403721511364, -0.07141987218831976, -0.1229957565665245, -0.12784340791404247, -0.10630380269140005, -0.008545685093849897, 0, 0], [0.032360592111945155, 0.044111940264701846, -0.004147792421281338, -0.06035953829996288, -0.019834989774972202, -0.03593668006360531, -0.014409824507310987, 0.0020603537966962905, -0.028620382770895958, -0.05320536531507969, -0.037664711102843286, -0.057851871878665403, -0.06089157928040044, -0.055450528115034106, -0.061826406919863075, -0.09971507377922535, -0.0934087485074997, -0.12054887004196643, -0.10538535714149475, -0.08899079356342554, -0.089288548566401, -0.05563455604715273, -0.046745056519284844, -0.05983800472070774, 0, 0, 0], [0.043157128430902955, 0.0652269443962723, 0.0848312146961689, -0.0011086663231253623, 0.01190117746591568, 0.011569316522218287, 0.00365218345541507, 0.007382080293609761, -0.023100286000408234, -0.005311421887017787, -0.015598256094381212, -0.01669032249265001, -0.021936433506198227, -0.0079556108918041, -0.022552038678744186, -0.03460540061350912, -0.018752021933323704, -0.0002601124708437257, -0.0057744369260035455, 0.0002918748650699854, -0.003963776243229707, 0.0017572028562426567, 0.03091032727388665, 0.03086204268038273, 0.02719907835125923, 0, 0], [-0.020153141347691417, -0.023879925021901727, 0.04800963931484148, 0.11289123725146055, 0.09381929989904166, 0.03330113283461995, 0.07787013705819845, 0.09081130474805832, 0.07537022605538368, 0.05965568497776985, 0.05414819740690291, 0.07737139537930489, 0.017921428731642663, 0.06246272175339982, 0.04628970625344664, -0.003005432151257992, -0.017708868999034167, 0.013083886110689492, 0.03315698667111891, 0.02118365070782602, 0.049882586346939206, 0.08195716608315706, 0.011477284715510905, 0.05283868033438921, 0, 0, 0], [0.011592770399875007, 0.02690146127715707, 0.035636658503790386, 0.045205768663436174, 0.05902415339369327, 0.036334197560790926, 0.05206457246094942, 0.06340234884992242, 0.05641628475859761, 0.013654170744121074, 0.019340710993856192, 0.03427680277011611, 0.07208209903910756, 0.020106278359889984, 0.023161999119276352, 0.033975272749861084, 0.03273873613215983, 0.023003814675446068, 0.029179032247226972, 0.008679774985648692, 0.050761442817747596, 0.01978504132818092, 0.038726380094885826, 0, 0, 0, 0]]