2d_sphere_flow_N-30000-e-0.5-mu-0.5-angle-20.hdf5

num_grains
30000
tank_width
117.3
x_position_from_gate
900.0
time simulation
[1.0, 1.5, 2.0, 2.5, 3.0]

h_time_averaged
[2.0, 11.435643564356436, 12.882352941176471, 14.099009900990099, 13.594059405940595]
h_instantaneous
[2.0, 12.0, 14.0, 15.0, 13.0]

 h1_time_averaged_ratio
[0, 1, 2, 3, 4, 5, 6, 7, 8, 9, 10, 11, 12, 13, 14]
h1_ratio
[0, 1, 2, 3, 4, 5, 6, 7, 8, 9, 10, 11, 12, 13, 14, 15]

=====  Profil_vitesse_Vx time-averaged ========

Vx_profil_100steps_averaged
[[0.0, 0.0, 0.0, 0.0, 0.0, 0.0, 0.0, 0.0, 0.0, 0.0, 0.0, 0.0, 0.0, 0.0, 0.0], [0.7598859715973189, 0.7847602600901826, 0.8172624951148585, 0.8314169695865202, 0.8561931102681081, 0.8756005768236939, 0.8887537148526006, 0.8954837958804848, 0.8667655400513816, 0.9110290207386804, 0.9251936079055169, 0.22219063444892959, 0.0, 0.0, 0.0], [0.7664156193047568, 0.8031918142453517, 0.8286439936660251, 0.8569289261706513, 0.8761787240509114, 0.892690049509764, 0.9076276494758805, 0.9243060992921098, 0.9418775422802937, 0.9576727276436643, 0.9761379663850746, 0.9834758253755913, 0.6793099280471115, 0.09695586854336309, 0.0], [0.756862553029564, 0.7799774446503164, 0.7982741442450596, 0.8211790499120656, 0.8374134983138508, 0.8570438354814013, 0.8803345442310022, 0.9066336812851059, 0.923082534137732, 0.9366908148078634, 0.94707441748959, 0.9551034059054105, 0.9569847868122282, 0.6177871312835428, 0.5110153225388857], [0.7720050781768542, 0.7917906243808986, 0.8189746969800578, 0.8487608163762016, 0.8663238544767051, 0.8946272553980545, 0.9157438542386488, 0.9266299489209361, 0.9393112002721321, 0.9507821642231232, 0.9656287222805592, 0.9750465738891375, 0.8648792390186008, 0.0, 0.0]]

Vx_profil_100steps_averaged_std
[[0.0, 0.0, 0.0, 0.0, 0.0, 0.0, 0.0, 0.0, 0.0, 0.0, 0.0, 0.0, 0.0, 0.0, 0.0], [0.08436280021882667, 0.02910530503817295, 0.024994213652645064, 0.02308028751500831, 0.02265717574729766, 0.02309455414652537, 0.02225719068184072, 0.02259671055423952, 0.17724007082483587, 0.022328353101299065, 0.022042663609144128, 0.39798452545139346, 0.0, 0.0, 0.0], [0.08005572807816423, 0.08250178108712453, 0.08597088439648755, 0.08804126323862951, 0.08948925490828225, 0.09117554362909347, 0.0929133936557417, 0.09436234457267703, 0.09589519974150111, 0.09762694937077335, 0.09924147558223605, 0.10017804731263238, 0.4701976500250337, 0.2945579657732005, 0.0], [0.024691407110469698, 0.020276423087807516, 0.02058391172879445, 0.02133582083038867, 0.021055928341928046, 0.02059387582777977, 0.023476748639536516, 0.01990035348771702, 0.020773979584707773, 0.020145440375750615, 0.020038262135487206, 0.020691435311636638, 0.019742358796492714, 0.47025566297705285, 0.4960859375415911], [0.02236013947780656, 0.020288947991278915, 0.021533596402829723, 0.021773461054435346, 0.022874779312872538, 0.022802440641394077, 0.022174221083858477, 0.020008608502016523, 0.020773247133410336, 0.0216328930668624, 0.02251461835447309, 0.020705930492119436, 0.3182268187718036, 0.0, 0.0]]

flow_rate time averaged
[0.0, 0.007345141076203834, 0.00986909564213306, 0.011735505611691108, 0.010449757116377302]

integration of Vx/h_time_averaged
[0.0, 56.16670161230509, 59.468498166769955, 59.037039961445934, 56.54677867889404]

=======  Profil_vitesse_Vx instantaneous =======
[[0, 0, 0, 0, 0, 0, 0, 0, 0, 0, 0, 0, 0, 0, 0, 0], [0.5238701105117798, 0.5438133478164673, 0.5949229001998901, 0.6299676299095154, 0.6490070819854736, 0.6680274486541748, 0.6868439316749573, 0.7027238249778748, 0.7029705494642258, 0.7044729789098104, 0.7389425039291382, 0, 0, 0, 0, 0], [0.6037065386772156, 0.634878913561503, 0.6574432253837585, 0.6773016452789307, 0.7039150148630142, 0.7145563215017319, 0.7244241386651993, 0.7364582717418671, 0.7591280043125153, 0.783318567276001, 0.7872135837872823, 0.7925660312175751, 0.8103456497192383, 0.8302241563796997, 0, 0], [0.5419310132662455, 0.588090181350708, 0.6018238544464112, 0.6217587143182755, 0.6498990952968597, 0.674565593401591, 0.6928482532501221, 0.7256590922673544, 0.7278926074504852, 0.7391485720872879, 0.7495760321617126, 0.7556617707014084, 0.7742381890614828, 0.7829622427622477, 0, 0], [0.5781671106815338, 0.6052466750144958, 0.6310950070619583, 0.6448377013206482, 0.6669820100069046, 0.6890585025151571, 0.7106013298034668, 0.7318439185619354, 0.7365633249282837, 0.7426141053438187, 0.7512287298838297, 0.7787407239278158, 0.7854553461074829, 0, 0, 0]]

flow_rate_instantaneous
[0.0, 0.005359171731024981, 0.00893854505456984, 0.009024426761083304, 0.007355103019190332]

integration of Vx/h_instantaeous
[0.0, 37.216470354340146, 45.604821706988986, 40.10856338259247, 43.52131964017947]

=====  Profil_vitesse_Vy time-averaged ========

Vy_profil_100steps_averaged
[[0.0, 0.0, 0.0, 0.0, 0.0, 0.0, 0.0, 0.0, 0.0, 0.0, 0.0, 0.0, 0.0, 0.0, 0.0], [-0.3278107615538163, -0.32112959641778827, -0.32289963407386646, -0.3130089155370646, -0.31199943413927217, -0.3083506139935833, -0.30181785279964846, -0.29605354039680837, -0.2789197793150499, -0.2914013389362754, -0.2858310401833097, -0.06458495542554572, 0.0, 0.0, 0.0], [-0.3547564440790345, -0.3578626157314169, -0.35146523247343375, -0.3498533476557996, -0.3472004644329252, -0.34774316515700493, -0.3503756434163627, -0.34738827042427717, -0.34705522656927706, -0.34694060267381416, -0.3501397115537543, -0.34231752573567276, -0.22827473243856744, -0.032397247704805114, 0.0], [-0.33138237325075043, -0.3229039266312083, -0.31765625495033295, -0.320317677755167, -0.3170898408997402, -0.3166799121219726, -0.31610203897795663, -0.31850923836329587, -0.31816966780538214, -0.3160519757040656, -0.3098087873887701, -0.3086136140565106, -0.29728501167136057, -0.17740742294210016, -0.12155648328290128], [-0.36072446613913717, -0.36311795731680624, -0.36510001360976657, -0.36814280994261056, -0.3644786549824299, -0.3690952548001073, -0.36988563383176376, -0.3702452316978584, -0.37058919091822684, -0.36941721626240825, -0.37207382408895906, -0.3683819721634239, -0.31281865838140543, 0.0, 0.0]]

Vy_profil_100steps_averaged_std
[[0.0, 0.0, 0.0, 0.0, 0.0, 0.0, 0.0, 0.0, 0.0, 0.0, 0.0, 0.0, 0.0, 0.0, 0.0], [0.04086018373745009, 0.023971840009171016, 0.02135822009674168, 0.024934690021849452, 0.024976482771447015, 0.023391030573583986, 0.021823145357167773, 0.0222822445124556, 0.06082722655256776, 0.022423323507001058, 0.021850097309456893, 0.1157008022419701, 0.0, 0.0, 0.0], [0.042479164419835326, 0.04153617287153635, 0.043089032955420485, 0.042335954524609906, 0.04201111120640325, 0.04186725966882968, 0.04133765201399032, 0.04094995895342898, 0.04133934262738388, 0.042201545774297675, 0.040436067755143905, 0.040753107356454495, 0.15955470483102752, 0.10028446636266164, 0.0], [0.024113618033972023, 0.0240843801354887, 0.026382943501471367, 0.025241112340358234, 0.02449395661687046, 0.023303693759717282, 0.0217353930639069, 0.022577680615352803, 0.022178860635719135, 0.023222712144167375, 0.022772983207630746, 0.022829409648631387, 0.022438355617371755, 0.1370359197898367, 0.11895877524091616], [0.023413719427899906, 0.023140483763818994, 0.0205250555164932, 0.020679928566728647, 0.021124080794109414, 0.01924146269067118, 0.01982226694260163, 0.020707486339820138, 0.02034506503682229, 0.02024746660665443, 0.019412268169290453, 0.019882173819161277, 0.11702597030065698, 0.0, 0.0]]

=======  Profil_vitesse_Vy instantaneous =======
[[0, 0, 0, 0, 0, 0, 0, 0, 0, 0, 0, 0, 0, 0, 0, 0], [-0.5055233538150787, -0.5111907422542572, -0.5033856257796288, -0.5030307173728943, -0.5053257048130035, -0.5086321115493775, -0.503279467423757, -0.5041136682033539, -0.5040306001901627, -0.5016891161600748, -0.4951266944408417, 0, 0, 0, 0, 0], [-0.565732829272747, -0.5679289201895396, -0.5740913525223732, -0.5616499558091164, -0.5601219534873962, -0.5566274896264076, -0.557159811258316, -0.5553873553872108, -0.5551762580871582, -0.5696975767612458, -0.5476098159948984, -0.555611178278923, -0.5501967370510101, -0.5215951502323151, 0, 0], [-0.5409764448801676, -0.5390121638774872, -0.5404945909976959, -0.5342592373490334, -0.5282526537775993, -0.5353674789269766, -0.5234117329120636, -0.5294884741306305, -0.5244417190551758, -0.5227319970726967, -0.5168883353471756, -0.5122797563672066, -0.5060570736726125, -0.49054213364919025, 0, 0], [-0.5718424916267395, -0.5709819853305816, -0.5581745579838753, -0.5663411736488342, -0.5645315423607826, -0.5513841013113657, -0.560389620065689, -0.5648754015564919, -0.5581919550895691, -0.5631968900561333, -0.5542493959267935, -0.5497312247753143, -0.5108316838741302, 0, 0, 0]]