2d_sphere_flow_N-30000-e-0.5-mu-0.5-angle-20.hdf5

num_grains
30000
tank_width
117.3
x_position_from_gate
700.0
time simulation
[1.0, 1.5, 2.0, 2.5, 3.0]

h_time_averaged
[9.396039603960396, 19.95049504950495, 23.784313725490197, 24.10891089108911, 25.495049504950494]
h_instantaneous
[10.0, 20.0, 24.0, 25.0, 26.0]

 h1_time_averaged_ratio
[0, 1, 2, 3, 4, 5, 6, 7, 8, 9, 10, 11, 12, 13, 14, 15, 16, 17, 18, 19, 20, 21, 22, 23, 24, 25]
h1_ratio
[0, 1, 2, 3, 4, 5, 6, 7, 8, 9, 10, 11, 12, 13, 14, 15, 16, 17, 18, 19, 20, 21, 22, 23, 24, 25, 26]

=====  Profil_vitesse_Vx time-averaged ========

Vx_profil_100steps_averaged
[[0.23165551743196572, 0.3846577422933118, 0.517424204758685, 0.619036346896611, 0.6582081360982196, 0.734593387539893, 0.7619199468273421, 0.7814491522980995, 0.7909168878896008, 0.3555822254407524, 0.691163700996059, 0.0, 0.0, 0.0, 0.0, 0.0, 0.0, 0.0, 0.0, 0.0, 0.0, 0.0, 0.0, 0.0, 0.0, 0.0], [0.09409335122840239, 0.1823323817978991, 0.26220201524620007, 0.321492138895953, 0.39767053981031913, 0.4493128157340655, 0.47558446804879123, 0.5193261994387057, 0.5658859559510014, 0.6149442251449099, 0.6418084559169147, 0.6926773795762303, 0.7478005302227764, 0.774690777840394, 0.8068848135953576, 0.8350458125416452, 0.8445377878721791, 0.8433498314800043, 0.8804520208253326, 0.0, 0.0, 0.0, 0.0, 0.0, 0.0, 0.0], [0.06876228724174913, 0.1724073804252982, 0.2382392296384947, 0.26410667865591886, 0.3278683141019999, 0.35658077502172747, 0.40389801814428666, 0.43246383104546404, 0.4977596253087095, 0.5546396613364515, 0.5816238194411878, 0.6188433291086184, 0.6472826452997107, 0.6728443310054301, 0.7083081233498651, 0.7244190487109758, 0.746690890060809, 0.7707392869431988, 0.7835079524641723, 0.7938484775288714, 0.8167540711320304, 0.8388191835066072, 0.8532852324005827, 0.0, 0.0, 0.0], [0.08277279037959942, 0.17777438039273616, 0.23132085722345522, 0.29555167336963584, 0.3170458723912867, 0.3312117015961373, 0.3720324618482803, 0.43032587581735243, 0.4595541587658841, 0.4884286589010714, 0.5376627191268909, 0.576932623805386, 0.6016937731614601, 0.6194886325412853, 0.6512609119855927, 0.6758967605866895, 0.7044042429908273, 0.7306868788531117, 0.7589745402223711, 0.7731597561647394, 0.7858261007778715, 0.788594081365105, 0.8236513069458921, 0.28231746666502244, 0.0, 0.0], [0.10545950388872423, 0.19081670674042034, 0.22874924322920512, 0.2999227297999481, 0.32042651459160193, 0.3389538057851011, 0.37125924867716165, 0.41601695143742434, 0.46256891540666617, 0.5015358301459497, 0.5252000600260514, 0.5632891782074253, 0.5920171349130673, 0.5866958853730274, 0.6027807721407106, 0.6382449002745916, 0.6440774580236315, 0.6492655622374613, 0.6799916944305383, 0.7093396332678733, 0.7294816718636568, 0.7583449784439726, 0.7808224831772322, 0.8116048110560878, 0.40185772880862647, 0.0]]

Vx_profil_100steps_averaged_std
[[0.03379678822842519, 0.05689443974006856, 0.06969337561696431, 0.07230263037563352, 0.09583614438212541, 0.0955980303229567, 0.09918710463482096, 0.08561969066551928, 0.08288853778338255, 0.3966792423592279, 0.2765792178101029, 0.0, 0.0, 0.0, 0.0, 0.0, 0.0, 0.0, 0.0, 0.0, 0.0, 0.0, 0.0, 0.0, 0.0, 0.0], [0.02401365366978994, 0.039063957278297354, 0.03331405840258931, 0.06208290897430579, 0.04894464903020152, 0.04667879213853805, 0.061392697706057826, 0.0509814020869565, 0.05346741509586863, 0.0557135142418347, 0.0641052381753685, 0.08019060068089875, 0.07701400959907147, 0.08108362646467704, 0.07962078201547632, 0.08134686061538635, 0.08460825325531127, 0.0851045731708061, 0.0904774591226998, 0.0, 0.0, 0.0, 0.0, 0.0, 0.0, 0.0], [0.03149823296023497, 0.040905941507609546, 0.038900245286676766, 0.042606121697043586, 0.05735777518610363, 0.05863902553876615, 0.05861968358206585, 0.06663926759621948, 0.07054813969133557, 0.08081514062833971, 0.08403037074325768, 0.09067675542172571, 0.08869648058350625, 0.09270079680910906, 0.0998322900301393, 0.10535745467022976, 0.10299236617548047, 0.10439143587031605, 0.10764990736504944, 0.11009812674381424, 0.11000129085712207, 0.1166767369569742, 0.12049597763606135, 0.0, 0.0, 0.0], [0.038732986357018905, 0.03372166438517989, 0.02605199044283892, 0.035533495268481305, 0.040733732221003044, 0.04037397930391445, 0.04603372640427577, 0.05244422310340432, 0.05161898072417535, 0.05397527272671453, 0.05639768525265664, 0.06259117444912324, 0.05760721341814095, 0.06266802862647386, 0.06839961165499099, 0.06528872406868987, 0.06712118869938674, 0.06705326354542497, 0.07162714167740408, 0.07747494269151543, 0.07538070170180454, 0.07966199095102285, 0.08610413173009189, 0.4044671587522511, 0.0, 0.0], [0.03443589179650531, 0.04633148629248823, 0.03938273920319691, 0.04530106933203848, 0.044868590680261534, 0.05184022310184819, 0.06219849848334614, 0.04767130641947324, 0.05638949623934108, 0.05228978877906444, 0.050394007652264795, 0.050823009131599865, 0.05438624247972857, 0.05452873504993514, 0.06563293613311702, 0.06912895847965132, 0.06481923120295799, 0.06467729199630802, 0.06823499478688215, 0.06970206996680854, 0.07306743539099757, 0.07435885592073817, 0.07345815140645091, 0.07639553230826764, 0.41297599085306846, 0.0]]

flow_rate time averaged
[0.0023586253917740074, 0.008402297934063852, 0.01177661284218773, 0.01158764037700387, 0.0126580208530127]

integration of Vx/h_time_averaged
[26.71586820521701, 21.110121046342343, 20.81800690549433, 19.93608262223418, 19.473951659395993]

=======  Profil_vitesse_Vx instantaneous =======
[[0.36473305225372316, 0.5477998219430447, 1.113639235496521, 1.294507010416551, 1.441132664680481, 1.5665185120370653, 1.649370898803075, 1.5944673816363018, 1.6159648895263672, 0, 1.4877468943595886, 0, 0, 0, 0, 0, 0, 0, 0, 0, 0, 0, 0, 0, 0, 0, 0], [0.265748231112957, 0.5090463683009148, 0.5240456879138946, 0.788055282831192, 0.7826452612876892, 0.8936749041080475, 1.058989441394806, 0.9784471392631531, 1.0755882501602172, 1.053350978427463, 1.277820110321045, 1.456806194782257, 1.492979848384857, 1.5670681595802307, 1.5942057371139526, 1.645803158933466, 1.6858421713113785, 1.6877715289592743, 1.71597820520401, 0, 0, 0, 0, 0, 0, 0, 0], [0.21054162681102753, 0.4076384961605072, 0.4705297023057938, 0.5225550472736359, 0.6220637783408165, 0.7101491928100586, 0.7654050767421723, 0.8475209847092628, 0.9680911302566528, 1.1388492822647094, 1.1901241540908813, 1.2782972902059555, 1.2469469755887985, 1.3111296057701112, 1.4166787564754486, 1.4582699060440063, 1.436814233660698, 1.481041818857193, 1.5333923399448395, 1.5310181866992603, 1.5504884243011474, 1.6625669598579407, 1.7145631710688274, 0, 0, 0, 0], [0.13160341009497642, 0.21521504670381547, 0.31757996380329134, 0.5481755793094635, 0.5858473612202538, 0.6456582248210907, 0.7918377593159676, 0.9132353723049164, 0.91083113104105, 1.0095095694065095, 1.0689461316381181, 1.1380062341690063, 1.1657315254211427, 1.2133368509156364, 1.3073986411094665, 1.2958507299423219, 1.3445542653401692, 1.391425833106041, 1.4687582552433014, 1.5386998852094014, 1.532191087802251, 1.5779340929455228, 1.6785812675952911, 1.6346313655376434, 0, 0, 0], [0.24185820966958999, 0.4140741427739461, 0.3891382569616491, 0.5211565762758255, 0.6878587484359742, 0.7014968593915304, 0.8018466085195541, 0.8227225569161501, 0.8471593052148819, 1.0067102644178603, 1.002627058462663, 1.040631685938154, 1.1248821318149567, 1.1170738339424133, 1.2462811470031738, 1.2937041819095612, 1.2864243626594543, 1.2949190437793732, 1.3520240982373555, 1.389316548903783, 1.4538559675216676, 1.4998264610767365, 1.5122412085533141, 1.5518023636606004, 1.5692767699559529, 0, 0]]

flow_rate_instantaneous
[0.004694770504130637, 0.01633619752547467, 0.022644156569101997, 0.023542166281478375, 0.025199689562662934]

integration of Vx/h_instantaeous
[46.94770504130637, 40.84049381368668, 39.31277182135763, 37.6674660503654, 37.277647282045756]

=====  Profil_vitesse_Vy time-averaged ========

Vy_profil_100steps_averaged
[[0.006396224657673464, -0.026012963343863802, -0.014385719655662554, -0.034760003812536654, -0.06023788489141519, -0.0755512039583869, -0.0578971983894762, -0.04911131478561565, -0.04482014781164667, -0.023023411631584167, -0.008600488442507728, 0.0, 0.0, 0.0, 0.0, 0.0, 0.0, 0.0, 0.0, 0.0, 0.0, 0.0, 0.0, 0.0, 0.0, 0.0], [-0.0007045662350719796, 0.0030074046977082752, 0.0055208310050706005, 0.021563773032909562, 0.020358173884604713, 0.011627258201558216, 0.012982805371157697, 0.007414857933050707, 0.01594543469338424, 0.00494418314251299, 0.01212730370876166, 0.008393278023275297, 0.008553529351875923, 0.0004960483906939684, 0.0036993905157628607, 0.009821188003915021, 0.011603380045909505, 0.008920410735549547, 0.013094750693144848, 0.0, 0.0, 0.0, 0.0, 0.0, 0.0, 0.0], [0.00917966121760044, 0.009396246457075834, 0.006294597101814776, 0.0063722323122859656, -0.006410508277983704, -0.01233479598544411, -0.021395877214375292, -0.039739888306849616, -0.030988189532701417, -0.036366943680821856, -0.032768068364773584, -0.03949382098834296, -0.04780459830209042, -0.03835526362620506, -0.03768630469608923, -0.03720439575405965, -0.034452910771362116, -0.029869223063170625, -0.026566848477158487, -0.02502010430633134, -0.029208516712019947, -0.038589785305454635, -0.03967263731676831, 0.0, 0.0, 0.0], [-0.0033773613100216942, -0.00561812739372069, -0.005630862781551269, -0.0068913815724114015, 0.003391287967780046, 0.011451466621894163, 0.011890929500638067, 0.025156369100763954, 0.022346238581516138, 0.017271640837332135, 0.020873272110555896, 0.020431678076941295, 0.032618775567745444, 0.025231204520830938, 0.025253091129961706, 0.025366189460684398, 0.01854209027643736, 0.009171626170199646, 0.017749615780689097, 0.012927298687737664, 0.005861452698311772, 0.009517163797246223, 0.02970161672633352, 0.013603603577997425, 0.0, 0.0], [-0.0001800442790488091, -0.0008879205747584356, 0.007081137487345513, -0.00046317661247848664, 0.010907899124881361, 0.008817365166304462, 0.009706066499727205, 0.00970006301692814, 0.006188104184968366, 0.01748882308321907, 0.02401585239945105, 0.02983187925961762, 0.018360346486165784, 0.013048630756141244, 0.004908893407751723, 0.010038806773650998, 0.011233495548743117, 0.009906505356178336, 0.014368320951106153, 0.008535237823282459, 0.008698880588115559, 0.009452061484046285, 0.012550112114814231, 0.00895297663381394, 0.017410756588168902, 0.0]]

Vy_profil_100steps_averaged_std
[[0.030327652108474164, 0.03361303579391987, 0.02581692018374325, 0.02510770100084408, 0.02661522210505806, 0.027435767694500936, 0.028838341110248043, 0.034471596947287665, 0.03459654199231505, 0.026898180998000027, 0.03439770125607741, 0.0, 0.0, 0.0, 0.0, 0.0, 0.0, 0.0, 0.0, 0.0, 0.0, 0.0, 0.0, 0.0, 0.0, 0.0], [0.018820291784794777, 0.026972982629929136, 0.028435756064703936, 0.01834365109662151, 0.017368482766112605, 0.016499550245901835, 0.01860209928114963, 0.018416588145151902, 0.016786062394360177, 0.012457915581358876, 0.009187342569966133, 0.022498392445689616, 0.018002723149573293, 0.015093713591970209, 0.013437728478480675, 0.0164047930138584, 0.01627021811327711, 0.017472957897868114, 0.03927448860961889, 0.0, 0.0, 0.0, 0.0, 0.0, 0.0, 0.0], [0.013403875370322477, 0.025744651406799036, 0.02662504051912053, 0.03332508893236751, 0.034691650827248, 0.03550636732688167, 0.02924430546734608, 0.043824723932891156, 0.024460824938452076, 0.02100110982414969, 0.020554155978030682, 0.0224409125905001, 0.024322455361638712, 0.026524675325503705, 0.031196589250284935, 0.03076668994826193, 0.022367264488493604, 0.0204730770504531, 0.021598339366945878, 0.023761165815344185, 0.02166985958062777, 0.021696584451774713, 0.01594437821958889, 0.0, 0.0, 0.0], [0.01938055987182587, 0.027561418538391447, 0.0225844459133274, 0.022019040821072748, 0.02376035710295177, 0.02191691010590166, 0.01646882808761424, 0.021826062052556005, 0.02619882875714352, 0.02147761474755069, 0.015203270392609214, 0.028994333692754785, 0.017585151028220034, 0.009093010889426554, 0.011064921369130544, 0.010932829655161087, 0.012808562966297173, 0.015803497826382927, 0.00815930969288647, 0.006023207287854674, 0.011970287705845607, 0.017686961823031477, 0.016392775102973378, 0.019658023988480332, 0.0, 0.0], [0.027486530000604643, 0.04030749404221467, 0.05053184475560534, 0.04464555396152862, 0.036505120650590715, 0.021199228722897097, 0.014916407399619408, 0.017180470214947667, 0.016489889773706832, 0.02005880393423982, 0.018064342772581614, 0.017570659814962412, 0.01254465719312482, 0.009881660187318654, 0.0140672251570521, 0.011605561449549514, 0.007922648388692534, 0.008129728831434792, 0.009074423924929194, 0.011881239982045528, 0.01876914518384984, 0.022409961087501432, 0.02035606343032358, 0.02354547587683255, 0.018575096928349875, 0.0]]

=======  Profil_vitesse_Vy instantaneous =======
[[0.02862249230965972, -0.03161984870166634, -0.08531490038149059, -0.13182836364616046, -0.16630044323392212, -0.18896793242957857, -0.1302071399986744, -0.17179296910762787, -0.15773800760507584, 0, -0.1298196017742157, 0, 0, 0, 0, 0, 0, 0, 0, 0, 0, 0, 0, 0, 0, 0, 0], [-0.013317795842885971, 0.010970297136130588, 0.045006707310676575, 0.004466103855520487, 0.01918862769380212, -0.0012440357357263565, 0.028755218535661698, 0.10933058289811015, 0.08711256422102451, 0.027737076989271574, 0.031113059842027724, 0.052579865977168086, 0.03263861774466932, -0.006188193429261446, 0.023452292558633618, 0.012513601051812822, 0.029932207777164876, -0.009964923548977822, -0.04087628210739543, 0, 0, 0, 0, 0, 0, 0, 0], [-0.0223099432172603, -0.009128774795681239, -0.009953269269317389, -0.014413700997829437, -0.0008468313608318567, 0.00021280916407704354, -0.012261462211608887, -0.012658340856432915, -0.022849497385323048, 0.011027828231453896, 0.01693663268815726, -0.022993916165432893, -0.041770294308662415, -0.013695266796275973, -0.04683910042513162, -0.024953405279666184, 0.009794078534469008, 0.019417584951346118, -0.005644107994157821, 0.01357328532983295, 0.023833649372681974, 0.005348910950124264, -0.04567622672766447, 0, 0, 0, 0], [0.027398884668946265, 0.027009730227291584, 0.024959244951605796, -0.04224315932951868, -0.038339093068821564, -0.030527669959701596, 0.021337392507120967, 0.05161531865596771, 0.05462366760184523, 0.024372989404946567, 0.04506206139922142, 0.07012692317948677, 0.08096718019805849, 0.06001949277041214, 0.037842321768403055, 0.05179493320174515, 0.04175727333252629, 0.02018473990028724, 0.037910213926807046, 0.03367437889877086, 0.03843549768983697, 0.03687429200443956, 0.06765151943545789, 0.07687983289361, 0, 0, 0], [-0.043408263626042755, -0.059304455295205116, -0.06915519301864234, -0.11074238941073418, 0.019326716556679457, 0.07030614085185032, 0.028625720202398952, -0.00341457234356891, 0.0006810354883782565, 0.02295809259845151, 0.051704037257216194, 0.027433105877467563, 0.010223557551701864, 0.023541156947612763, -0.04504780378192663, 0.0020392034202814102, 0.02178378524258733, 0.026240994765733678, 0.03773454286985927, 0.039186459267511964, 0.06952835693955421, 0.06237700569909066, 0.09094330184161663, 0.06710783957451996, 0.053937198827043176, 0, 0]]