2d_sphere_flow_N-30000-e-0.5-mu-0.5-angle-20.hdf5

num_grains
30000
tank_width
117.3
x_position_from_gate
500.0
time simulation
[1.0, 1.5, 2.0, 2.5, 3.0]

h_time_averaged
[17.96039603960396, 24.0, 25.215686274509803, 24.861386138613863, 26.15841584158416]
h_instantaneous
[18.0, 24.0, 26.0, 25.0, 27.0]

 h1_time_averaged_ratio
[0, 1, 2, 3, 4, 5, 6, 7, 8, 9, 10, 11, 12, 13, 14, 15, 16, 17, 18, 19, 20, 21, 22, 23, 24, 25, 26]
h1_ratio
[0, 1, 2, 3, 4, 5, 6, 7, 8, 9, 10, 11, 12, 13, 14, 15, 16, 17, 18, 19, 20, 21, 22, 23, 24, 25, 26, 27]

=====  Profil_vitesse_Vx time-averaged ========

Vx_profil_100steps_averaged
[[0.17931886886065157, 0.31828350669676714, 0.38911691626208056, 0.4351699030684559, 0.5106990744866947, 0.5971104341174904, 0.6588115212203254, 0.7275610743477794, 0.7785122917767462, 0.8024159655909334, 0.825925020180126, 0.8298411094611235, 0.8412951877605009, 0.8770773797637166, 0.918142641839808, 0.9485929032461872, 0.9746192375032028, 0.0, 0.0, 0.0, 0.0, 0.0, 0.0, 0.0, 0.0, 0.0, 0.0], [0.10220856858177646, 0.18795252775733917, 0.2623983487265535, 0.3595077229632993, 0.44578055537769895, 0.48759084201291836, 0.5167364109990442, 0.5466395171365329, 0.593785165225712, 0.6169014018922974, 0.6144467338758052, 0.622568794229243, 0.6512997425330354, 0.6897989197532729, 0.7078902187520522, 0.736378718848669, 0.7801732320582624, 0.8085191881155022, 0.8198222592072575, 0.8267748309637453, 0.8490272160607202, 0.853198735273317, 0.9049110470431866, 0.0, 0.0, 0.0, 0.0], [0.056531597636000935, 0.10263386857269784, 0.14335945714052062, 0.20124467607782356, 0.2226857851338542, 0.26699139768732527, 0.3281840340496083, 0.41070772383142923, 0.4507737833008268, 0.4613935101982536, 0.49296109126089444, 0.5430636464071179, 0.5799478136149108, 0.6107702474332731, 0.6429244931380288, 0.6625076647065268, 0.7011275260569222, 0.7166291587979964, 0.7130708656214941, 0.7266407735207501, 0.771110443692971, 0.7885064327638913, 0.8052684961607323, 0.8561255477514923, 0.38095328533181955, 0.0, 0.0], [0.03467351545320582, 0.14145499577272447, 0.22847509118036766, 0.2659545998983454, 0.2816701016484117, 0.3580488260872293, 0.4374471250737068, 0.4753218459610891, 0.5184049383051718, 0.5424447203577549, 0.5570767073102124, 0.5501553283912121, 0.5944275820084793, 0.6371538856045248, 0.6506180586201128, 0.6623496446574088, 0.6763759352389735, 0.6879834879841347, 0.7114091263605367, 0.7498408555310045, 0.7613586031564392, 0.7799299453843151, 0.7762883436168383, 0.5867387496992306, 0.10171364675654043, 0.0, 0.0], [0.04708794348838767, 0.1540658801275178, 0.2597889036456547, 0.32515658556972393, 0.380379058307547, 0.39504282973752386, 0.41568689635976314, 0.43835075820731656, 0.46871817780237945, 0.4805204843284666, 0.4858003746951768, 0.525814622984861, 0.566110262599322, 0.589237182875081, 0.6020439415797226, 0.6266440175547459, 0.6593983143076252, 0.6636336825271644, 0.670120503111641, 0.6902183117252765, 0.7082738045615333, 0.7123419564208816, 0.750037779931975, 0.7659740653368508, 0.7949809130760702, 0.4719022199659064, 0.0]]

Vx_profil_100steps_averaged_std
[[0.048567731816289164, 0.04785944059533312, 0.04569931300480718, 0.06201653099946575, 0.08642141608933866, 0.0752443710366853, 0.07661864903487604, 0.07299551365784852, 0.07521657890987857, 0.08013835178665063, 0.0817948292824665, 0.08578409625440814, 0.09122923431934817, 0.08873882150392419, 0.09406456020914233, 0.09645775647064236, 0.22055772689887657, 0.0, 0.0, 0.0, 0.0, 0.0, 0.0, 0.0, 0.0, 0.0, 0.0], [0.049125981622735224, 0.03631621570614864, 0.05337258159433823, 0.04317395121697734, 0.048353413677511295, 0.05267946928278781, 0.051200299415482604, 0.05607802488131722, 0.057930367808145145, 0.06402996122616075, 0.06683670132508307, 0.07416467955473492, 0.07591869006806154, 0.07036302647431618, 0.07043749779618261, 0.07130765514085002, 0.07438566754796455, 0.07940133549791091, 0.08079308678165416, 0.07823484266350336, 0.08150798966414291, 0.07977494818987907, 0.0926980248719891, 0.0, 0.0, 0.0, 0.0], [0.015226251429459414, 0.03618660210453308, 0.04387844713669458, 0.03962334586481028, 0.03653084333271072, 0.0470080698827479, 0.06250108795506057, 0.060789815181754914, 0.06542271029412812, 0.06800753598480115, 0.06936190283175, 0.0772054089373987, 0.08188351137302981, 0.08567944158289158, 0.0925135711280207, 0.09382325015815852, 0.09736075979045629, 0.09998835596768907, 0.10200155748408546, 0.10267245959789886, 0.1094873367201642, 0.11115083426485518, 0.11301516640315258, 0.11925107762582923, 0.4378486076702671, 0.0, 0.0], [0.018027393778800707, 0.04295085205192536, 0.04072379771874466, 0.03472227997933046, 0.05562076352707802, 0.054080912038234355, 0.05878351854004758, 0.05005508763749431, 0.050705421315239946, 0.05314938119587183, 0.05010987378348656, 0.054398044168676586, 0.05976876480553379, 0.06588359828563789, 0.07488405574386087, 0.07056375296550532, 0.06975529384411497, 0.07027007836074332, 0.06925552791452445, 0.07676151607701386, 0.07989878657013533, 0.08179849257947737, 0.07119983315803859, 0.3617343668385618, 0.2646363366896111, 0.0, 0.0], [0.021059171020774526, 0.041911919545042704, 0.03135214368878601, 0.0413012912684611, 0.04264395619350599, 0.04202386560009725, 0.0448475432471758, 0.05358740112034111, 0.05533573800507152, 0.056562138923432426, 0.055939348681397945, 0.057496676806504145, 0.06044886024804278, 0.05871938035752809, 0.06063162697374437, 0.06012582010964958, 0.06654081443959178, 0.06696522087210245, 0.06853328854265693, 0.07488679941100612, 0.07451509309863967, 0.07535641920768987, 0.07554213050565767, 0.07069864326574264, 0.07602898201015537, 0.39852599201053185, 0.0]]

flow_rate time averaged
[0.007724628664332681, 0.012430498397677549, 0.011801047007534414, 0.011756043132528626, 0.013221945163889946]

integration of Vx/h_time_averaged
[23.946706616326548, 21.580726384856852, 18.560042028519245, 19.019999139576306, 19.322907401150076]

=======  Profil_vitesse_Vx instantaneous =======
[[0.42964753806591033, 0.6720827877521515, 0.8088116466999054, 0.9726038813591004, 1.1169676780700684, 1.2732174098491669, 1.366385743021965, 1.441797897219658, 1.5230919599533081, 1.5849607229232787, 1.6360573053359986, 1.6786370992660522, 1.7156200766563416, 1.7448163866996764, 1.832684189081192, 1.8862010836601257, 1.852232575416565, 0, 0, 0, 0, 0, 0, 0, 0, 0, 0, 0], [0.14951477497816085, 0.38448097109794616, 0.6594647347927094, 0.7498342096805573, 0.8047995686531066, 0.9204351544380188, 0.9834895350716331, 1.020270621776581, 1.0878244400024415, 1.2417418162027996, 1.2685231140681676, 1.32012939453125, 1.3623925149440765, 1.3758987585703533, 1.3892345428466797, 1.431634744008382, 1.5023254036903382, 1.5695528984069824, 1.6154397428035736, 1.5993428230285645, 1.6524861007928848, 1.6336021622021992, 1.8215654492378235, 0, 0, 0, 0, 0], [0.14865368453320116, 0.24956658333539963, 0.35083504766225815, 0.4630622655153275, 0.4563610404729843, 0.5947627350687981, 0.7300732061266899, 0.7711609527468681, 0.8401332994302114, 0.9251442551612854, 0.9655272901058197, 1.0902152419090272, 1.1612225969632466, 1.2046896550390456, 1.2923986060278756, 1.3350094109773636, 1.3811324834823608, 1.4177974263827007, 1.448204669687483, 1.463469684123993, 1.5419918417930603, 1.5788670301437377, 1.6086982759562405, 1.6973787943522136, 1.7424161434173584, 0, 0, 0], [0.06400443023691575, 0.3761278629302979, 0.5061503201723099, 0.5753380358219147, 0.6945112228393555, 0.7598016798496247, 0.8842602670192719, 0.9082334935665131, 0.9276060238480568, 0.982393686970075, 1.0374828398227691, 1.0778325080871582, 1.1712978151109483, 1.2108100354671478, 1.3182241082191468, 1.3434962987899781, 1.3713162779808044, 1.3798058390617371, 1.4016483306884766, 1.5037994810513087, 1.5512971520423888, 1.5924707651138306, 1.4745052456855774, 1.5226653218269348, 0, 0, 0, 0], [0.1673845961689949, 0.32472973465919497, 0.5105382621288299, 0.6737337350845337, 0.6983344674110412, 0.7196945130825043, 0.8090239286422729, 0.8960023939609527, 0.9538383483886719, 1.0070539514223735, 1.021441286802292, 1.0718196233113606, 1.1338018476963043, 1.1618160367012025, 1.19850931259302, 1.225039279460907, 1.3173246502876281, 1.3200058341026306, 1.3494013667106628, 1.4197513610124588, 1.4409842133522033, 1.4589236195270832, 1.5014821290969849, 1.4653534293174744, 1.530221124490102, 1.602907955646515, 0, 0]]

flow_rate_instantaneous
[0.015130167416376728, 0.023609128693564484, 0.02456885991895637, 0.02288846343053798, 0.026979862822448977]

integration of Vx/h_instantaeous
[46.69804758140965, 40.988070648549446, 36.34446733573427, 36.62154148886077, 37.00941402256375]

=====  Profil_vitesse_Vy time-averaged ========

Vy_profil_100steps_averaged
[[-0.0034575868537515034, -0.0036139782958259817, -0.013682920673926506, -0.01204756267261503, -0.011348602591541967, -0.008502718793687542, -0.00333493399752589, -0.019027534168480246, -0.008743009435188064, -0.012047731352379475, -0.0076917563666458535, -0.012177623753946855, -0.017985360332775348, -0.01967796632780297, -0.02477886093040172, -0.03314445877658847, -0.01275386839474642, 0.0, 0.0, 0.0, 0.0, 0.0, 0.0, 0.0, 0.0, 0.0, 0.0], [-0.00039743486197336796, 0.009210665081473984, 0.007000883156049492, 0.005450007653313577, 0.004652179682379968, 0.00613817837439987, -0.004522581852622818, -0.015613012155665618, -0.024337852199053007, -0.021911635169408274, -0.02976106185180838, -0.025147249244458172, -0.01781495066197599, -0.01999638362480077, -0.01767469292539762, -0.010055958245642786, -0.01180749090637069, -0.01814441879032186, -0.012912109720255903, -0.012349490302037063, -0.01166764489040922, -0.018179075131261, -0.004715221318997989, 0.0, 0.0, 0.0, 0.0], [-0.000341399653665148, -0.010281682935135525, -0.0015950338497996023, 0.0019100474441056934, -0.003326067779153461, -0.007674872957725599, -0.00737616697164044, -0.011994800724542252, -0.010436580726111533, -0.012324344277688148, -0.01060596358097041, -0.010667603854327344, -0.013131079073518737, -0.011061738605128752, -0.010015026901994921, -0.011712692646870634, -0.0032136285836695962, 0.009251008499531347, 0.009347007354102382, 0.0016047584479393178, -0.006076327062585145, -0.014353709708038698, -0.016052671854751423, -0.026670888257773136, -0.00645318955374772, 0.0, 0.0], [0.008344318330166522, 0.01101892131698958, 0.004711195719681938, 0.011749216380294546, 0.013761790438432044, 0.024810512730100258, 0.015836394253207677, 0.010625944174340601, 0.016502429882779862, 0.022934808036161748, 0.011845499344651003, 0.00995461160936408, 0.0032786012245983047, 0.009889993091751077, 0.011930424086365972, 0.015247479769064445, 0.01834072000069967, 0.018906356130411393, 0.016061465432534824, 0.01556697661850976, 0.01625551557494438, 0.012049422733334512, 0.01546782449310707, 0.002780045529662458, 0.006393235139917619, 0.0, 0.0], [0.008944342040391804, 0.011502819226736977, 0.016311951701425305, 0.02355493355403794, 0.016149870230271306, 0.008711335095197946, 0.006677350863874051, 0.0020920155418292542, -0.0071298856785397095, 0.0032803485150652224, -0.001153165100130185, 0.0036518603559160447, -0.003791986251135703, -0.003596385123061562, 0.0024851278827596273, 0.006258911083345498, 0.0064145926252677345, 0.005830361322272072, 0.004013760203372723, 0.009358029902661788, 0.020631309484025542, 0.019096093521209823, 0.01952671061597405, 0.020510446914880583, 0.024568095714354844, 0.020036868017978302, 0.0]]

Vy_profil_100steps_averaged_std
[[0.0255136944760564, 0.025052254769446423, 0.022911349173593085, 0.018707074589896778, 0.02478940957322949, 0.022863191004062887, 0.038513451747688277, 0.027298655695935255, 0.01910621572434897, 0.02612749443901867, 0.030592856635955037, 0.03245193247069068, 0.026885283112136726, 0.023548272896664904, 0.02108319382561496, 0.015968436960279064, 0.057125490878660264, 0.0, 0.0, 0.0, 0.0, 0.0, 0.0, 0.0, 0.0, 0.0, 0.0], [0.03534560266317216, 0.04144811327825222, 0.048056022801499475, 0.04164508474686155, 0.043677976817531244, 0.02032722976737721, 0.018518995957790402, 0.02408204054976968, 0.018063591071181283, 0.017207872710183914, 0.02628305088077699, 0.022593561144080603, 0.022154293625133565, 0.02538309258612015, 0.018854799142106877, 0.010960097995641717, 0.009945493085318256, 0.008710735598096302, 0.012654568629037558, 0.012520479011248848, 0.012872568768130027, 0.01792957237176357, 0.03668732505280527, 0.0, 0.0, 0.0, 0.0], [0.020563976237568244, 0.019876772501622324, 0.014196254996400023, 0.01881648458660136, 0.02303158893185443, 0.022201857433305494, 0.017608162296436487, 0.01920596214978191, 0.024718276968448846, 0.028087875442092524, 0.029414801932671725, 0.02521876795068203, 0.03255341973709729, 0.028335156090472848, 0.027802911414036395, 0.019700205955812015, 0.027058937346977126, 0.026116229114154475, 0.027040590726965016, 0.023705806492104832, 0.022942530365431184, 0.019453638299268636, 0.019630192084120906, 0.02953419140030991, 0.011653696577630506, 0.0, 0.0], [0.011200169800551276, 0.023512983114015076, 0.021990416705832225, 0.028152928957193207, 0.03055560041269987, 0.032411809196955646, 0.027897517826945814, 0.034397469058699975, 0.03635845455302903, 0.022059774169346125, 0.020758743004041107, 0.018273251206685277, 0.019580330456211336, 0.015319621235737591, 0.011036278278288065, 0.009364078905104871, 0.00951171122599958, 0.010466799270202293, 0.007488304438992222, 0.005901143907465446, 0.009770004835126106, 0.01126788838132019, 0.012938865015760768, 0.023683630267421436, 0.01667692874760924, 0.0, 0.0], [0.013605815537746615, 0.02423298595162056, 0.022782753502446098, 0.0338288072409608, 0.03214285125326144, 0.03244721577646055, 0.029408901349568393, 0.02523128149163096, 0.02232303205339937, 0.012694982992737249, 0.016703399061048816, 0.013698402598079385, 0.019740421860795533, 0.011548462462569561, 0.008359101450705023, 0.008839198463055213, 0.0065844591489384275, 0.007735559507814521, 0.007422238598608732, 0.010004005211933538, 0.011253670572578676, 0.0153590192424057, 0.017194717602932296, 0.01680266464229247, 0.019470667743478155, 0.018584136498869797, 0.0]]

=======  Profil_vitesse_Vy instantaneous =======
[[0.010693570878356696, -0.08926137648522854, -0.0745249052066356, -0.10192804932594299, -0.054512523114681244, -0.09926200564950705, -0.10641646198928356, -0.09682246576994658, -0.0661169237428112, -0.08854762576520443, -0.10281310603022575, -0.11299929693341255, -0.12165741175413132, -0.09696122854948044, -0.10378690157085657, -0.11981506738811731, -0.21375655382871628, 0, 0, 0, 0, 0, 0, 0, 0, 0, 0, 0], [0.0033859623537864534, -0.0709770898334682, -0.009867799701169133, -0.0533604274969548, -0.10731513090431691, -0.05312907956540584, -0.036427349360151726, -0.10059108156710864, -0.07942471988499164, -0.06384384855239962, -0.05721100965248687, -0.037300337567285166, -0.055155777372419834, -0.05790091150750717, -0.026337869465351105, -0.031807594234123826, -0.011857242742553353, -0.033677544863894585, 0.020292898640036583, 0.018945376202464104, 0.028309221263043582, -0.007985279895365238, 0.05523332208395004, 0, 0, 0, 0, 0], [0.02877840114524588, 0.027361697726882996, 0.022387388463054474, 0.010474207438528537, -0.00054428993704884, -0.017898268764838576, 0.00035813834983855486, -0.0430367348017171, -0.023306175755957764, 0.015281986872044703, -0.03594074174761772, -0.040016240207478404, -0.037927495833072394, -0.037327181638425425, -0.04840089567005634, -0.061828926904127, -0.047659516148269174, -0.0401511098154717, -0.04443832217819161, -0.04525688050004343, -0.059038765635341404, -0.04428980415686965, -0.02335576698004099, -0.02598928116882841, -0.067746601998806, 0, 0, 0], [-0.03135904797818512, -0.04349029902368784, -0.006261546578025445, 0.019472891208715738, 0.03775211120955646, 0.0931157055310905, 0.05529502226272598, 0.08991897478699684, 0.05274161556735635, 0.02789496793532938, 0.04547515357844532, 0.04587960364297032, -0.007589684799313545, 0.023351645562797785, 0.05614734834525734, 0.042001198808429764, 0.04917937559075654, 0.04887961754575372, 0.0026765831280499697, 0.007322885096073151, 0.007220681477338076, 0.0625596862907211, 0.0257217800244689, 0.1403612419962883, 0, 0, 0, 0], [0.0039315274450927975, -0.01347552458755672, -0.018338170752394946, -0.05461424714885652, -0.060449865413829684, -0.03190780971199274, -0.04292805306613445, -0.0379821453243494, -0.09108335794880987, -0.052739585478169225, -0.06959522794932127, -0.04593453990916411, -0.005015902890590951, -0.02037310175364837, -0.0039683407454643976, -0.006925391615368426, -0.018197529856115578, -0.007899540360085666, 0.0011250858195126056, 0.021065622713649645, 0.04900230728089809, 0.03938645353684059, 0.047938265139237046, 0.059485838282853365, 0.06903726638605197, 0.04285602085292339, 0, 0]]