2d_sphere_flow_N-30000-e-0.5-mu-0.5-angle-20.hdf5

num_grains
30000
tank_width
117.3
x_position_from_gate
600.0
time simulation
[1.0, 1.5, 2.0, 2.5, 3.0]

h_time_averaged
[15.0, 23.534653465346533, 24.774509803921568, 26.0, 26.0]
h_instantaneous
[15.0, 23.0, 25.0, 26.0, 26.0]

 h1_time_averaged_ratio
[0, 1, 2, 3, 4, 5, 6, 7, 8, 9, 10, 11, 12, 13, 14, 15, 16, 17, 18, 19, 20, 21, 22, 23, 24, 25, 26]
h1_ratio
[0, 1, 2, 3, 4, 5, 6, 7, 8, 9, 10, 11, 12, 13, 14, 15, 16, 17, 18, 19, 20, 21, 22, 23, 24, 25, 26]

=====  Profil_vitesse_Vx time-averaged ========

Vx_profil_100steps_averaged
[[0.18409695343234306, 0.43190781153959795, 0.5081600280583102, 0.5718843604225924, 0.647949788475981, 0.6828172984689769, 0.7116192707789875, 0.7619509213542282, 0.7794574689452011, 0.807081268899905, 0.8468800418152668, 0.8869935233109068, 0.9133765735838671, 0.9214954566542465, 0.0, 0.0, 0.0, 0.0, 0.0, 0.0, 0.0, 0.0, 0.0, 0.0, 0.0, 0.0, 0.0], [0.1037582247391214, 0.22688720077276228, 0.28028369651425006, 0.29772416406092866, 0.3710379752339703, 0.4108510073507973, 0.47687298439404474, 0.5381824687678316, 0.5386802694212709, 0.587396158350558, 0.6187225117666958, 0.6574969187203243, 0.6901723695540418, 0.7136985829856135, 0.7487995759882158, 0.7671964757710008, 0.8007404564181233, 0.8204297459726904, 0.8334290906147594, 0.8680747477205111, 0.8915704693141159, 0.9275411656095643, 0.4953016715474648, 0.0, 0.0, 0.0, 0.0], [0.07851744575771805, 0.1854349746034037, 0.25087718129450204, 0.2899690617776774, 0.32536962640051753, 0.3680566002730451, 0.4172330266802139, 0.45891742160688154, 0.48981355787694014, 0.509965055879035, 0.530787722196649, 0.5768415303652138, 0.594463621089661, 0.6130582460460543, 0.6314956718605328, 0.6486767422599173, 0.6921726220865655, 0.742927372280289, 0.7438892957006832, 0.7480833440142519, 0.7714901423411618, 0.7826700815285734, 0.7937624819625437, 0.8325184880713233, 0.4647408671238843, 0.0, 0.0], [0.06563493895356251, 0.14816661518675708, 0.22500658548458574, 0.2720826259417699, 0.3071211218907691, 0.375386775569837, 0.4020212787915266, 0.4244360520894771, 0.45001191037519533, 0.48961866037680374, 0.5275868035877498, 0.5486273181713847, 0.580662407226885, 0.6110604684541721, 0.6483565757067796, 0.671191639176952, 0.6869518452843424, 0.6856760629754424, 0.69652841235601, 0.7118616692477121, 0.7214461680489406, 0.7240410949235703, 0.7388205830511874, 0.7533010394758124, 0.7513276230384022, 0.0, 0.0], [0.07549810880964557, 0.11550482520249612, 0.14084873410029908, 0.19619324557335657, 0.2616754020647247, 0.3281007519558262, 0.36710533319231703, 0.4335248716691933, 0.4441402284225615, 0.4513873611065308, 0.47314080457286073, 0.5065475220432375, 0.5613279030148515, 0.5900916026510871, 0.6120794227217684, 0.6230547495674603, 0.6562569089333404, 0.674994932031474, 0.6990792633184899, 0.7034255621344455, 0.7355471330338748, 0.756959188538547, 0.7851672596017577, 0.8057774603296597, 0.8504215726266204, 0.0, 0.0]]

Vx_profil_100steps_averaged_std
[[0.04213096404141273, 0.044423887357952184, 0.045608351779778296, 0.0617105519756719, 0.07819689119761472, 0.07646121705399667, 0.07127537129023885, 0.09034539671254742, 0.09437120519583465, 0.08920792838965996, 0.08535774605668373, 0.09370785727192907, 0.10210438110496525, 0.10549275672912138, 0.0, 0.0, 0.0, 0.0, 0.0, 0.0, 0.0, 0.0, 0.0, 0.0, 0.0, 0.0, 0.0], [0.045595521241202766, 0.046752587035108865, 0.050562290016434024, 0.04541873827531309, 0.04234209484054832, 0.041881403393205265, 0.03791476084039027, 0.05450967188961545, 0.056524213820931146, 0.06193620149527847, 0.06114380263075921, 0.06811601300277742, 0.0696322070074504, 0.06676535208516772, 0.07189348467208564, 0.07247365620217008, 0.07844382028875291, 0.0808864502125131, 0.07916515547919806, 0.08274617199364631, 0.08607551380257093, 0.09680043174336164, 0.46209398450720185, 0.0, 0.0, 0.0, 0.0], [0.032279776753461276, 0.05361032957010281, 0.0448739866840547, 0.051867253053001196, 0.05070820849600441, 0.05196095649304936, 0.07244530023963142, 0.06377345756220505, 0.06995760992796521, 0.07357665529428774, 0.07612955950455683, 0.08291139983662156, 0.08169257091279905, 0.08466497321203757, 0.09013985297215926, 0.09850128925623135, 0.10141771251756371, 0.10236459569875812, 0.1006753447855056, 0.10032589918696029, 0.10866017998104029, 0.10691077210156409, 0.10750062839992335, 0.110990740927706, 0.41294076315097844, 0.0, 0.0], [0.02647917571626583, 0.04816973184163408, 0.046861708449859825, 0.05219887068140334, 0.04361710382321497, 0.03465384215270188, 0.04313726004380872, 0.04603071518650339, 0.04808326807645681, 0.050030697212197106, 0.053919786121973595, 0.054635996338857774, 0.059272738487634244, 0.06327850359031659, 0.06762710600436247, 0.06856226175360562, 0.06573071137848023, 0.06569106505608809, 0.06891595963221196, 0.07060612644932028, 0.07288538512055046, 0.07444483928977884, 0.0752772272853355, 0.07681367175085456, 0.08055764759000489, 0.0, 0.0], [0.037970727082095965, 0.054544961189200075, 0.07226390300667156, 0.041652103113824, 0.04924342018780608, 0.056967760496315585, 0.04371925681686086, 0.07016428295997296, 0.06420940382753891, 0.05995925989162355, 0.05467047073122058, 0.058501546010028216, 0.05554111378291065, 0.058724117936048814, 0.059978629958320415, 0.0626803592521178, 0.06433623212122926, 0.06723581739841174, 0.0686372593446924, 0.07006945837836535, 0.07066406900475156, 0.06942184739877327, 0.07176290004824036, 0.07395059291081471, 0.07778925658735578, 0.0, 0.0]]

flow_rate time averaged
[0.00536426153652245, 0.011911017063948016, 0.01242554728452512, 0.012727410487408383, 0.01237200384546767]

integration of Vx/h_time_averaged
[23.841162384544223, 21.504692206024625, 20.24442220272726, 18.82753030681713, 18.301780836490632]

=======  Profil_vitesse_Vx instantaneous =======
[[0.33463629577308895, 0.7394836723804474, 0.8820253849029541, 1.1613960325717927, 1.3535821080207824, 1.4074277758598328, 1.4064091907607184, 1.6205087195743213, 1.6653901040554047, 1.6832069516181947, 1.6928103864192963, 1.8184836109479268, 1.9037397503852844, 1.9407956004142761, 0, 0, 0, 0, 0, 0, 0, 0, 0, 0, 0, 0, 0], [0.2738361582159996, 0.4056623876094818, 0.524861012895902, 0.542794594168663, 0.6884871274232864, 0.8058172762393951, 0.768277359008789, 1.0657796810070674, 1.082593071460724, 1.1756233853452347, 1.2025133642283352, 1.3040706276893617, 1.3765530586242676, 1.3566792964935304, 1.4506368279457091, 1.469184324145317, 1.5728970766067505, 1.6159591197967529, 1.6210831006368, 1.6920203566551208, 1.7452497482299805, 1.8915829360485077, 0, 0, 0, 0, 0], [0.26416469514369967, 0.4636470327774684, 0.5163452863693238, 0.5673446704943975, 0.5169630706310272, 0.6783684864640236, 0.8490338683128357, 0.8477944831053416, 0.916010993719101, 0.8873060166835784, 1.0008084714412688, 1.1692880034446715, 1.14666246175766, 1.1957234825406755, 1.2800609384264265, 1.3737210988998414, 1.4258266687393188, 1.447744107246399, 1.4115794138474898, 1.4151236534118652, 1.5436975095007155, 1.5172049403190613, 1.531281316280365, 1.5569446682929993, 0, 0, 0], [0.0936957336962223, 0.4718289703130722, 0.5613231867551803, 0.6640243351459503, 0.6549992442131043, 0.6944129237761865, 0.8172357022762299, 0.8492515623569489, 0.8970514610409737, 0.972437047958374, 1.062159037590027, 1.0806697010993958, 1.139597749710083, 1.1990360498428345, 1.2917013963063557, 1.3306693302260504, 1.3343619227409362, 1.3380456566810608, 1.3816769123077393, 1.4160449438624911, 1.445643534262975, 1.45825856924057, 1.4901352524757385, 1.514495387673378, 1.5506750742594402, 0, 0], [0.05204002857208252, 0.28622915148735045, 0.45862891111108994, 0.49681594371795657, 0.640842491388321, 0.7197604179382324, 0.7208023369312286, 0.9330574497580528, 0.9866318454345068, 0.9871037602424622, 1.0028227150440217, 1.0491132974624633, 1.11030612885952, 1.1697105367978413, 1.2076434642076492, 1.2420772569520133, 1.2912829253408644, 1.3353418469429017, 1.3825060963630675, 1.4021735906600952, 1.4375023245811462, 1.4428523712688022, 1.486867654323578, 1.52160085439682, 1.611173141002655, 0, 0]]

flow_rate_instantaneous
[0.010894386435380177, 0.02183480457336757, 0.023632079016527363, 0.025720192512262752, 0.025012853705940846]

integration of Vx/h_instantaeous
[48.41949526835635, 41.275623012036995, 37.81132642644378, 38.04762205956028, 37.00126287861072]

=====  Profil_vitesse_Vy time-averaged ========

Vy_profil_100steps_averaged
[[-0.006154779233565932, -0.01105726378941609, -0.012919791061405237, -0.0206043762785076, -0.017435716670801824, -0.02576789540403312, -0.024320540604733827, -0.018838868926411772, -0.026283975488126016, -0.024119688552220683, -0.020474607794961113, -0.014728165061154772, -0.014567233687975575, -0.023744388810690704, 0.0, 0.0, 0.0, 0.0, 0.0, 0.0, 0.0, 0.0, 0.0, 0.0, 0.0, 0.0, 0.0], [-0.0028475223099184684, -0.012945343463077665, -0.010614428684328067, -0.012941879073846408, -0.004849751002311137, -0.002562446299023625, 0.0022229905575739633, 0.0014657852294169874, -0.0013466145700609272, 0.00022331733951945048, 0.007473103447469627, 0.006785300823265362, 0.0044910009772641, -0.005271061464837558, -0.01348201818592036, -0.018897177621850402, -0.02297824283847923, -0.024311085106255386, -0.031860343442904705, -0.03905782579633682, -0.041125491070059715, -0.03984752881061098, -0.03012596225679511, 0.0, 0.0, 0.0, 0.0], [0.0062688842497842494, 0.006596583814293246, -0.0023513962541026295, -0.00818514802922674, -0.008536210780527884, 0.0035201553124447464, 0.00611319099604943, -0.0015438576518372038, -0.005593191907516072, -0.014403112932210159, -0.00447839474543715, -0.0008611712398983489, -0.007707507918013445, -0.004680507885948735, -0.00891559840883241, -0.015743622012118565, -0.017128971317773294, -0.024030609492582896, -0.019860863936761605, -0.020212817913339034, -0.029434194092396955, -0.026837680490211083, -0.022139720851992978, -0.025331038508025528, -0.01240107364605601, 0.0, 0.0], [-0.006446140087777311, -0.008060901559245862, -0.013528181986912868, -0.009903074320401977, -0.021657603567507636, -0.033359230632744104, -0.027461262720100757, -0.020869953147532948, -0.01589154406658906, -0.024110620074607864, -0.03522555757794084, -0.019507116162319583, -0.025322308596595077, -0.017078859821488702, -0.016867015591907106, -0.013493196566938679, -0.017853400927386777, -0.021083345982636326, -0.021255283553832105, -0.023394917596611723, -0.014195885354248237, -0.008935628783009627, -0.012057551437815147, -0.009774351569342532, 0.003954560773888228, 0.0, 0.0], [-0.0022155645136297266, 0.006934363372372168, 0.008358584384303964, 0.0010289302851792807, 0.016793016161822192, 0.029759246903524182, 0.0404238802270688, 0.041890892235269435, 0.048963949875855686, 0.049368948677129085, 0.04973877601021698, 0.04839835904497136, 0.04477736266470702, 0.04935214309035001, 0.04778810311382577, 0.05027447156250242, 0.04182927070289726, 0.04275204366497179, 0.03375160713227106, 0.024431460233338986, 0.017397100823309294, 0.014335904237856033, 0.012001691665337114, 0.008189701227638664, -0.01382212729818228, 0.0, 0.0]]

Vy_profil_100steps_averaged_std
[[0.030496879566184174, 0.036096893973168266, 0.03363901180180222, 0.022707386703364654, 0.02213387462907376, 0.027296071288038497, 0.02663950305138333, 0.02615813662486082, 0.012984868937657719, 0.010659630716769801, 0.014299784239035468, 0.014870747880721374, 0.015804725074772905, 0.025156802923628586, 0.0, 0.0, 0.0, 0.0, 0.0, 0.0, 0.0, 0.0, 0.0, 0.0, 0.0, 0.0, 0.0], [0.023471181807976048, 0.03119896522417779, 0.03906292534246319, 0.034588098815637285, 0.02322204034483899, 0.020636625782421265, 0.015754980133260668, 0.01537898798245115, 0.016414300255951, 0.012563099217963081, 0.01605971504889397, 0.016938542911344858, 0.020991487797370482, 0.034925427295501216, 0.02406217399351454, 0.01471064051935559, 0.011926783034277294, 0.01184043057743466, 0.014414321975101627, 0.021304605986336548, 0.021027047857330207, 0.016083260864026172, 0.02945546322575168, 0.0, 0.0, 0.0, 0.0], [0.016270316840219422, 0.037836833694497515, 0.023382415227105616, 0.028568881492517312, 0.02541540200856392, 0.015786855776754802, 0.019012938509548608, 0.0152400617438465, 0.016674672115874777, 0.012142525742601737, 0.009679067970326624, 0.00972934920381254, 0.01700726431040744, 0.017796001166346925, 0.01618200503207163, 0.015967601709319205, 0.013650832520453147, 0.01582223106404325, 0.01588088082050732, 0.016990891759230232, 0.014449920318991139, 0.015028493377624876, 0.014401357445818882, 0.014406467942691107, 0.013038468015425507, 0.0, 0.0], [0.014607264140623048, 0.019571350649807036, 0.015712785142252453, 0.025867497950084, 0.030127570751432412, 0.025719731196635308, 0.016119062163021853, 0.01982485068094755, 0.011147617574735114, 0.011368183837569752, 0.01837157530766811, 0.009691340277865428, 0.009738541958173173, 0.010986030037035032, 0.015437964743184297, 0.0190624677716084, 0.0237907547204621, 0.022366188461240527, 0.02719515798819555, 0.026418503885985864, 0.026466522685597488, 0.02171653933527759, 0.026312472322015404, 0.02695537138780583, 0.030925830079169846, 0.0, 0.0], [0.025616608718270647, 0.01610394278271096, 0.013240626808515434, 0.013632080437991901, 0.014950524588269606, 0.0201510529831192, 0.016281889999196747, 0.034175978204325726, 0.037989108026123285, 0.03961959165155818, 0.026581079432794832, 0.02432376859493889, 0.03046288205888124, 0.03011746849220346, 0.01844736878756452, 0.010430131754263914, 0.008029468093935165, 0.011612313828947373, 0.007814085426588888, 0.005636580386220023, 0.007730692240773053, 0.00831684241754817, 0.012928304525171385, 0.00745635477654062, 0.02306632690197849, 0.0, 0.0]]

=======  Profil_vitesse_Vy instantaneous =======
[[0.12248298078775406, -0.024541020393371582, 0.06655193389888155, -0.09016180224716663, -0.0549052263610065, -0.052808418055064976, -0.0446376268648439, -0.08695232766595754, -0.0881243459880352, -0.06315054297447205, -0.039752835291437805, -0.08587717854728301, -0.07506214044988155, -0.14409688860177994, 0, 0, 0, 0, 0, 0, 0, 0, 0, 0, 0, 0, 0], [0.08498869347386062, 0.06591497901827097, 0.11483447921151917, 0.10524894278496504, 0.10174756292253732, 0.057284330017864704, 0.09438534574583173, 0.0663743307814002, 0.051583074033260345, -0.016009981031803525, -0.013081141832199964, -0.03240289594978094, 0.006241607790191968, -0.03931963862851262, -0.03169828318059444, -0.027435719704953954, -0.032561160527014486, -0.013562627229839563, -0.02827320690266788, -0.00027316211101909477, -0.01209805770777166, -0.06969782710075378, 0, 0, 0, 0, 0], [-0.05155837929341942, -0.15292117620507875, -0.12187066269107164, -0.0982270921037222, -0.12441398948431015, 0.015909457579255104, -0.03255164511501789, -0.06503366524460337, -0.05864125974476338, -0.08317446419969202, -0.036061858851462604, -0.02975003609317355, 0.004077174700796604, 0.014739796386233397, -0.011471545589821679, -0.019680903665721415, -0.031004562973976135, -0.014626586530357599, 0.006634446675889194, -0.008165464247576892, -0.03125522927277618, 0.01250311644980684, -0.010976290376856924, 0.05112617835402489, 0, 0, 0], [-0.024595924629829825, -0.005149433761835099, -0.03308907886967063, -0.048486041091382506, -0.05297621991485357, -0.04988264556651792, -0.020787599263712764, -0.008735274150967597, 0.009666854370152578, -0.040099349711090325, -0.04879291988909244, -0.024319310439750552, -0.02673961790278554, -0.01908390074968338, -0.046767779625952244, -0.08496029840575324, -0.11773844100534916, -0.0977050627892216, -0.11907336255535483, -0.09616326395836142, -0.07440670253708959, -0.08659718483686447, -0.10280183628201485, -0.12265411950647831, -0.09646435702840488, 0, 0], [0.05295674474909902, 0.012864132039248943, 0.015095124952495098, 0.002191370539367199, 0.009916878235526384, 0.0459525830578059, 0.044939331524074075, -0.037889269180595875, -0.011140227240199843, -0.025216661486774684, -0.0009612936526536941, 0.043710779119282964, 0.021623092354275286, 0.013858758870305287, 0.04795910889515653, 0.06297238862940244, 0.06375177711662319, 0.05682570730277803, 0.07071788869798183, 0.041348276659846306, 0.04862289037555456, 0.03901709639467299, 0.033294237405061725, 0.02366887629032135, 0.0216404153034091, 0, 0]]